4096
volMax pesoMax custo
387 324 22065
257 315 22601
280 361 18582
309 348 15177
387 351 19568
396 369 19868
326 360 18531
293 366 19903
368 387 21352
256 318 20146
378 302 20969
306 309 23370
321 337 19836
376 396 18429
303 381 13002
260 374 19810
366 299 23407
361 340 21724
289 305 19187
317 311 20705
389 286 23193
382 342 20554
289 260 21097
307 387 13593
268 287 15369
333 298 16219
364 263 19642
352 374 17394
306 260 23651
395 328 21963
250 314 19349
308 295 13575
270 334 14243
321 389 19927
365 256 21505
388 338 22831
383 299 22189
277 400 15387
258 303 20629
295 297 19376
390 297 23067
371 353 14358
292 373 17633
373 293 18707
289 255 18717
392 393 17666
391 376 23941
251 250 21058
385 256 22034
378 299 21757
296 289 20925
278 259 14140
303 299 13248
259 272 19339
352 311 21707
300 302 18431
335 293 14306
268 292 22982
349 276 19248
334 253 13757
364 297 19763
288 323 21018
317 374 18097
316 383 16536
358 334 23262
250 383 21466
288 317 16689
297 335 22412
306 283 22715
322 365 18222
387 326 22314
340 364 15455
300 278 21599
309 344 15776
341 299 14990
281 299 13661
273 336 20747
307 383 13292
383 289 19237
332 361 13719
283 347 16794
284 284 18081
356 334 16005
252 391 13529
278 329 18569
389 360 19950
330 382 13380
339 288 14179
279 268 22608
251 348 18025
337 382 14063
349 263 13193
321 369 16426
322 369 13269
263 398 15841
254 384 14523
292 313 15065
265 400 21157
369 277 19613
362 278 13141
312 365 13971
358 311 21695
288 381 18885
299 300 22725
300 313 17684
380 315 24059
269 357 24205
288 370 14572
343 339 18049
265 298 15561
284 360 14834
281 317 23956
292 354 14110
268 252 15192
364 300 16432
306 279 16394
380 297 15019
365 335 19696
349 276 17589
358 289 14015
395 321 18291
394 353 17468
302 393 18745
339 258 22834
277 373 22997
277 276 13491
342 254 15723
363 369 13452
352 317 19126
279 274 23767
254 268 20511
338 259 14620
338 310 21797
289 399 22614
391 274 19790
392 301 13717
269 393 17030
345 353 21052
353 305 20348
387 332 17252
309 335 17040
303 272 23123
398 358 19568
332 395 18784
275 383 22962
338 372 21521
277 389 13563
371 333 13983
282 285 13887
260 271 17864
260 331 19921
276 382 18343
300 378 13306
383 309 23431
312 332 13356
263 270 22683
265 297 15291
257 268 16503
353 298 24054
350 309 17182
277 317 17952
291 342 22576
323 390 14369
312 372 17719
295 282 23933
258 293 17205
341 309 20850
264 316 13584
268 266 21765
305 367 23137
364 394 21952
351 283 22249
320 356 20138
263 268 22187
264 311 22882
348 320 20886
296 258 17712
294 272 20930
306 288 21803
367 344 19640
335 307 20882
369 258 21152
342 326 14494
304 337 16804
387 352 15915
350 297 16476
355 343 16871
266 386 23682
395 289 22108
389 255 18910
347 341 15555
298 307 24003
279 398 19933
364 299 13299
316 285 13111
327 384 19004
258 336 19592
346 353 13004
303 347 18130
299 335 14129
387 281 15432
382 327 19692
380 354 13559
306 317 17047
317 383 19462
277 310 20963
284 316 13845
382 259 22704
315 312 17281
287 360 14963
262 346 18098
329 325 13548
298 305 16471
264 359 21356
279 273 20706
328 300 14723
360 334 13890
326 315 23655
394 378 23519
258 262 24166
353 275 22922
331 352 23921
382 400 22574
388 261 14516
309 290 19929
364 369 16326
327 326 14003
355 251 15260
391 396 21680
337 251 18508
393 354 15459
395 282 21972
317 263 19426
294 400 19679
380 308 19772
336 271 14867
344 349 24226
283 301 19091
285 291 13457
265 379 18613
256 371 22508
271 363 14651
387 279 15471
350 321 17142
323 300 23728
334 386 17621
313 327 16137
368 358 20166
272 392 22058
322 256 21032
371 260 23962
374 282 19751
256 268 15026
300 366 19363
344 286 15970
293 370 18785
265 280 21410
333 399 16266
300 268 14196
307 341 23880
292 311 21223
397 282 22697
313 286 16254
256 335 19619
271 278 16875
333 321 23376
382 334 14101
353 264 15866
282 315 23463
353 372 19044
280 262 19521
366 258 23102
331 321 21718
312 325 17839
258 345 18323
392 277 24176
341 256 17421
320 359 16788
297 392 18143
290 344 23537
375 372 18405
368 335 18001
391 263 22069
298 325 17045
290 334 13583
308 323 14654
395 261 23328
265 331 16833
298 378 22611
392 266 19260
306 391 21951
384 358 16311
316 346 23334
320 395 16671
399 284 18531
269 343 17198
319 337 20335
371 350 22034
383 396 20871
383 387 20301
324 293 15070
387 274 15991
383 340 21867
391 259 23111
325 257 13263
339 276 17528
275 343 20192
376 313 22963
253 294 18328
258 274 15724
279 348 17103
290 334 13857
254 315 22286
316 305 17564
371 378 19325
309 314 16855
340 339 23105
305 313 23092
371 316 16356
282 324 21093
330 353 13958
270 391 17916
383 395 15258
284 308 23325
348 276 16183
265 335 21961
359 272 15253
393 328 23276
340 296 23883
329 328 17938
344 257 17034
304 275 23241
347 255 16952
301 290 18333
311 386 23483
293 250 14357
342 357 18083
327 350 14962
375 289 20826
336 369 21122
373 310 15857
358 363 16143
333 307 13113
298 358 18770
323 266 23664
373 310 15813
356 400 17380
361 326 20163
291 298 15948
267 384 15099
320 354 15987
381 309 22284
314 390 13594
252 287 14773
380 358 22134
344 329 18976
304 282 15838
372 393 21980
389 281 13781
295 298 22007
317 369 17699
400 347 16190
294 260 13707
396 260 16917
303 390 21431
375 331 15135
356 386 21984
336 355 13164
390 344 21819
339 389 21879
269 305 21465
303 305 16428
394 347 16918
323 341 13326
287 392 14139
357 366 20297
356 321 19024
386 256 18992
256 394 20356
309 332 19058
256 351 17197
320 251 13469
330 395 18735
350 315 13705
377 350 20036
393 306 24264
339 261 18351
267 398 19149
302 251 21624
278 310 19550
393 315 17642
257 385 17884
330 315 16459
347 262 21081
302 389 21653
250 379 19599
312 318 19771
294 333 17138
280 385 23164
261 260 17063
320 250 23306
331 257 23468
341 335 18261
343 279 18610
259 331 22128
275 329 22945
347 391 19776
278 282 13215
357 312 18976
284 321 16387
270 391 14221
320 319 20968
353 257 18790
300 350 13424
258 359 16872
353 384 22158
275 329 20661
264 357 15019
335 312 15671
389 346 15652
301 364 14503
365 284 14153
285 385 15192
288 283 18366
321 291 20455
285 392 23107
328 266 21621
361 278 15761
274 364 18250
250 352 19369
297 250 17750
332 365 15117
284 398 14931
397 284 15445
304 355 15263
320 390 23513
318 317 20535
393 276 13107
274 300 17034
367 298 15695
253 345 23776
254 275 24194
286 309 20623
303 303 20432
351 355 15461
289 275 22457
367 341 19398
311 334 22528
281 358 15560
365 322 19473
398 326 18611
278 330 18771
274 366 21106
266 267 20800
291 368 23221
269 255 13225
388 372 20802
270 282 16385
331 311 18326
287 275 20577
292 270 22499
393 297 21836
363 319 23420
393 335 19461
324 375 15119
360 394 21240
268 379 14440
265 399 17847
347 327 13260
383 365 18729
339 256 15926
373 397 15629
332 358 13441
259 350 14269
349 271 21255
258 379 22846
321 395 24206
356 260 17721
272 355 19924
398 337 19363
397 274 22511
264 397 23679
328 327 18918
309 334 14757
376 282 16280
265 291 15404
295 360 19359
304 315 17643
311 335 17933
393 333 14257
289 327 14191
340 339 20227
385 265 18604
388 324 24034
338 299 13374
309 313 18347
259 356 17588
355 259 16831
307 318 13914
365 311 20398
357 348 23706
373 287 15464
385 269 13894
322 254 23729
342 342 15055
395 251 20304
336 258 22432
386 361 18630
352 266 20628
250 381 21335
383 335 22823
287 307 16297
282 289 23735
291 359 21452
372 301 15495
351 293 16153
394 378 16108
390 363 13134
395 312 20460
316 312 13414
298 292 15851
376 329 14948
340 360 13641
324 399 14818
310 370 22508
388 318 14487
315 309 18699
250 298 24142
296 291 13626
357 357 17670
395 253 21076
368 379 20534
397 319 18510
313 391 15898
339 300 20712
264 287 16702
380 352 18178
322 350 16268
375 397 13886
339 351 14368
364 343 19043
278 310 22143
271 305 24249
373 368 13499
319 306 16651
384 319 22186
366 298 21960
254 371 19079
342 345 17971
320 282 14797
253 396 22848
337 273 13792
398 292 20761
375 262 14791
342 330 16005
357 313 24191
257 276 20953
259 278 20573
361 371 22894
307 290 21536
351 291 16877
338 377 16993
386 372 19697
335 347 21914
252 286 23829
375 392 14848
264 399 21271
351 257 14380
255 366 17325
253 272 22408
282 372 21277
305 309 22689
348 292 21773
283 378 22772
380 378 14886
254 352 13064
341 367 23778
302 315 17799
290 321 23804
399 324 17161
396 356 22264
283 260 19356
295 357 16238
280 388 17955
359 367 14999
323 372 17384
278 312 22286
380 362 15060
336 250 18871
255 397 18300
348 392 13300
261 272 16331
381 317 13082
394 346 17257
380 304 19463
343 377 16517
256 252 21566
286 380 13277
380 315 15627
395 318 14635
330 266 24003
371 275 13817
271 255 13651
275 397 16686
268 374 18681
378 317 17230
305 323 23696
293 358 19252
392 337 19996
338 329 14134
281 258 17127
364 379 24225
318 399 21900
340 273 14969
305 291 15392
322 266 18163
315 321 16367
310 363 19289
284 352 21983
319 288 16306
274 319 14567
393 280 17064
387 348 17408
385 288 18396
379 341 21570
344 263 22095
377 328 23487
330 387 23015
389 268 18241
384 338 18798
307 362 23607
388 352 21073
295 339 16305
350 321 14247
276 297 18585
391 391 20985
372 365 21385
272 292 19183
282 280 13624
395 263 15995
395 321 18847
311 306 16585
255 351 20435
300 301 16699
380 325 22937
399 315 23236
278 287 22758
387 307 20580
328 337 15982
288 332 22241
336 324 13057
345 384 19602
304 389 16337
349 288 23260
315 266 23170
327 264 17630
330 291 20028
296 277 18253
304 355 22321
340 394 19166
392 327 21593
362 270 14897
389 324 21165
366 270 18388
390 335 14822
340 262 13337
353 342 21917
251 386 19343
356 287 23097
396 378 15498
367 369 22139
260 329 19261
286 315 14742
299 278 16017
351 267 19780
265 357 21953
345 307 17181
313 308 15224
308 264 20945
254 257 17445
343 375 22549
359 385 13715
393 268 15852
350 318 13991
328 268 18392
389 283 16627
311 377 21910
321 287 22965
319 344 16460
351 348 17585
361 290 19631
336 398 21469
390 390 13698
358 340 22788
354 265 17516
367 251 22302
334 310 19178
359 381 17061
291 298 15286
386 399 16944
337 359 15949
261 293 18726
317 282 13230
392 389 15216
384 342 17980
392 307 24010
279 389 23953
292 345 21990
343 386 17631
335 369 21536
274 304 24137
252 315 23683
377 380 13882
341 372 15893
395 353 23700
309 343 20096
377 372 20007
352 263 18331
308 355 13732
311 289 20971
313 312 15027
271 314 18123
270 290 16130
301 382 14039
321 374 17346
278 283 23559
292 257 23675
294 360 15288
392 265 15336
321 326 21813
371 387 16064
322 257 16630
336 277 15223
329 327 14789
292 398 19121
360 273 13315
368 315 21257
347 359 22719
337 349 16969
282 269 19938
262 388 13271
306 307 23698
261 391 16704
256 319 15771
382 361 16785
328 318 19147
307 283 18654
293 378 15307
388 315 14436
346 345 23781
381 357 18993
250 260 13398
277 271 23418
327 275 15571
306 254 13496
277 332 21537
274 389 13643
333 280 23085
351 267 22548
313 363 14368
294 342 18657
262 342 15881
285 367 18254
296 293 23708
377 347 13010
265 375 21888
372 397 21050
360 329 18755
326 278 17715
354 341 19185
327 386 14511
253 396 19556
341 279 15413
294 325 21377
275 301 13331
257 316 21949
321 286 23774
371 394 17453
299 317 16593
394 271 18338
301 348 23746
300 349 23219
389 289 21448
295 334 17552
394 357 18393
286 362 20177
305 280 13134
318 400 20505
257 298 20057
376 291 24052
282 341 19845
324 391 20100
361 380 20693
275 272 15578
264 263 15463
304 299 21937
258 352 24003
395 267 22706
375 275 23801
271 399 17990
337 280 18464
350 354 19727
311 312 17037
310 337 17099
391 351 23997
276 253 24050
273 259 21913
298 254 18640
325 379 14391
397 398 24059
358 334 23377
259 283 16084
302 342 19406
319 250 16480
359 391 23155
262 264 22228
363 285 13869
262 334 13802
328 258 18234
268 252 22923
357 361 13608
323 368 15440
393 269 24220
373 339 18037
289 297 22067
304 307 16174
321 267 13589
347 278 14015
377 356 20152
383 375 13196
384 329 20736
316 252 18631
281 395 13607
336 365 18287
392 253 21179
287 306 21980
345 377 17728
290 323 13043
317 297 17857
350 277 15256
386 260 23306
379 324 15771
338 353 14041
319 288 17517
384 279 18378
346 314 24066
364 259 23926
399 297 20404
309 363 21309
327 312 13569
316 295 22698
384 272 15407
303 360 21026
365 276 21171
392 260 20878
270 354 22209
354 315 24045
262 313 17253
393 372 21155
270 297 17590
324 363 13760
387 344 21695
370 397 13129
306 361 19850
280 353 15965
279 371 22529
343 324 21631
263 336 22293
382 329 13257
309 349 21980
299 270 14106
333 254 15532
390 375 20445
254 280 22880
296 308 20346
345 337 18222
348 280 20567
264 293 22718
394 272 18064
340 332 21922
336 379 23562
289 311 14378
337 299 23666
378 303 21264
382 347 16920
334 292 21227
258 388 13790
253 400 14238
336 393 15524
343 333 21513
298 266 15774
271 303 13080
400 388 23705
352 366 20888
332 345 22777
370 277 18325
345 283 17061
347 286 16316
391 370 18378
307 312 19211
302 358 18074
276 380 16073
310 379 15742
392 329 20233
373 258 18405
303 379 13313
270 321 14471
374 265 18146
329 254 15752
274 311 16643
300 361 14152
340 386 23132
282 293 19648
361 282 14367
252 255 15553
388 308 20118
250 326 20699
295 300 19663
377 379 13957
277 250 21696
390 298 21789
308 388 24016
356 269 14444
381 379 15077
333 379 22505
292 366 16900
380 365 19179
386 257 17811
257 384 13398
280 258 22617
365 397 17782
255 304 19558
283 258 24011
352 389 22585
302 321 22513
258 364 22192
271 341 14930
357 327 22081
344 332 17608
305 362 21433
266 324 17315
275 329 14990
271 360 13292
283 311 23161
272 364 16360
391 370 18039
323 391 24017
371 346 16681
272 289 21000
310 345 19626
352 361 18539
392 385 17946
331 253 14847
281 286 14980
367 309 20421
374 297 22370
340 370 17720
398 339 23950
381 361 16266
294 268 17663
319 370 22167
267 359 13540
293 290 23653
279 321 15605
326 287 17289
332 259 15620
309 347 17074
272 344 19291
334 323 17338
282 367 22829
321 285 14594
322 300 16829
304 344 22942
291 373 14919
312 296 22805
391 378 16062
364 284 22327
306 306 16007
336 390 19088
326 269 14258
334 340 15150
310 260 17581
396 312 17914
368 353 19573
263 262 20246
342 250 13340
277 362 15232
311 268 23636
285 352 19896
334 277 14287
347 359 20054
393 267 23768
339 262 14670
376 378 19004
386 391 16778
288 330 23579
319 357 19431
383 266 23998
353 299 20974
311 384 14697
286 328 23580
349 319 22328
270 257 19062
252 383 23725
338 366 19929
281 254 21773
375 323 16726
278 303 15694
350 254 17392
371 315 20900
270 349 16177
275 295 16673
298 315 19962
332 318 19660
341 253 22339
340 284 16941
267 256 19397
300 285 20641
346 385 15717
291 356 15814
368 374 22219
373 397 20965
293 295 14238
372 375 16583
280 315 18414
304 252 20794
331 268 18711
277 318 15882
277 261 19013
281 303 13479
348 270 13853
361 391 15126
269 284 19618
391 255 22093
279 285 21977
319 337 14900
393 267 13928
320 293 15780
281 320 23151
377 350 15119
277 297 17890
297 256 13622
314 275 20001
376 265 14385
259 292 19025
356 361 16370
303 351 18947
267 268 21853
298 299 21430
342 275 13389
284 300 23142
399 348 14711
352 261 22952
337 386 15206
329 393 17654
352 347 17404
314 398 19535
291 264 14167
309 312 19775
399 251 19772
286 285 18931
369 282 22396
307 382 20994
270 319 14337
395 398 18525
262 350 17221
389 261 19333
315 300 18782
259 359 15635
253 355 15749
271 389 14238
341 355 20283
354 261 23207
378 279 23005
386 273 16770
384 285 14818
328 273 20520
269 338 14510
373 346 19655
389 349 23364
256 368 21736
307 308 22196
392 259 19450
305 388 19156
288 371 16515
264 354 20471
340 281 24131
276 300 18437
260 270 17434
351 259 15021
396 265 19546
277 322 14344
266 311 20108
262 364 15229
289 400 19350
338 263 19690
272 353 13463
378 377 14009
268 385 20104
255 335 23083
339 329 14397
390 356 15167
347 370 21377
316 382 20636
267 269 20236
342 357 15361
367 379 23422
273 354 15325
377 373 17895
349 378 19479
332 314 23436
328 303 20196
394 250 14662
370 314 21870
310 331 21085
398 270 20114
346 388 19423
398 258 14550
276 383 15226
289 332 18878
387 263 16228
261 340 22407
390 333 23167
337 303 22902
266 361 16834
363 356 18322
266 301 20041
298 297 22455
281 323 15274
388 362 23909
320 346 21831
315 355 21735
363 344 23073
260 281 14340
370 295 16048
259 258 19842
318 274 16785
362 320 21590
261 351 13985
294 338 21463
257 256 13891
381 319 20013
293 281 17418
289 289 23361
335 256 17107
340 263 22331
299 332 23550
308 291 15888
364 303 20778
342 347 17850
279 352 24280
313 331 17984
299 374 19668
381 260 16901
342 346 19585
348 283 13248
362 332 18804
398 391 13689
351 354 14364
254 294 20389
395 321 20075
389 382 22254
301 280 17355
395 259 24034
375 351 16743
359 298 14121
359 257 23011
285 254 13300
253 355 20468
272 357 22903
388 352 22061
303 338 14540
296 390 15939
263 382 15084
392 355 19622
312 313 22361
266 269 21333
300 305 20081
324 306 21493
299 329 22048
319 316 19590
255 367 18392
325 263 19145
271 276 14503
377 267 23959
280 328 22916
382 344 13198
338 392 14625
296 315 13872
357 364 23601
375 280 21596
341 285 21941
396 361 15583
289 380 15461
313 357 24027
290 385 19710
329 367 14931
388 302 19701
348 347 20306
367 303 19922
312 275 14440
322 367 24218
300 362 21193
289 400 19603
304 312 18816
335 350 18447
293 279 19274
343 264 24200
384 362 17707
339 329 19587
258 389 20584
356 310 20280
340 358 17060
281 397 24077
352 299 17521
377 382 19651
386 273 17784
360 366 23418
386 350 19872
354 286 23610
375 292 22635
271 398 22827
282 336 17538
255 367 17933
375 316 15176
256 292 20294
386 277 14683
392 387 15865
259 370 19243
391 323 20824
297 298 13515
344 317 17064
296 350 20090
357 355 16773
264 329 13716
366 333 21027
299 316 21555
257 305 18861
328 314 19851
347 303 22227
250 350 14269
347 291 21867
288 337 15690
313 292 13812
304 304 17589
359 269 20242
305 319 24132
280 324 20027
389 251 21062
319 349 13087
320 347 20727
367 291 17005
332 329 16040
394 390 22371
260 291 22625
353 400 23271
379 304 16011
318 333 22411
312 321 15733
369 388 20525
326 305 15006
385 271 15284
332 352 14122
365 345 18612
288 353 18511
266 306 17252
263 282 13138
327 348 14726
314 257 16578
303 375 18537
389 300 18533
271 283 22125
343 363 19876
343 325 18768
331 364 15322
361 378 22710
388 389 21285
318 315 23756
328 377 17267
256 280 18465
322 268 20430
293 287 19589
284 380 19947
376 321 21831
262 251 16305
251 362 24294
294 349 19457
367 265 23111
387 341 15062
261 347 20642
261 268 17771
311 312 19753
392 346 17575
282 319 23657
399 331 18298
328 330 14018
383 372 19359
275 338 23162
381 322 13139
311 332 15466
272 343 17375
399 251 15814
262 391 21486
251 272 18669
311 269 17425
372 347 15782
391 328 16445
359 353 20690
341 332 23684
262 393 15679
279 262 17732
315 259 14675
260 269 20104
301 270 15653
259 329 21453
298 298 22503
264 289 18797
355 398 21084
382 336 16878
328 348 15248
356 376 14115
326 290 13957
295 301 14521
252 350 13375
382 357 21176
379 252 13617
322 267 14315
343 372 22622
314 351 21811
366 278 20604
256 384 14462
308 307 21774
369 350 13033
300 352 19323
398 332 23717
275 310 23631
350 380 21849
314 322 14809
272 384 21499
316 349 14416
307 354 20412
272 259 21623
275 379 15430
329 278 17523
328 274 19255
286 299 13489
398 399 18312
373 311 16923
318 331 13114
365 397 15057
287 301 17992
343 323 23034
304 346 24134
364 272 15806
375 351 21022
315 387 14061
313 382 15425
290 353 15129
339 268 15789
369 381 21924
346 267 15825
276 359 21554
367 260 13986
284 374 13039
377 346 20743
345 258 13918
361 319 18788
373 357 21603
293 293 14450
294 262 19844
291 358 13886
339 385 22296
306 349 24092
370 381 14696
305 358 21231
339 302 16053
357 260 22251
355 383 19822
303 275 23990
268 319 16562
366 358 17901
326 295 18986
398 351 18552
327 320 16435
378 373 22447
375 309 19297
377 264 19347
299 369 22305
326 270 14711
397 288 19235
329 251 17913
368 327 17861
388 322 16334
355 397 22904
302 375 22017
357 347 14411
309 321 23601
274 370 21478
371 294 20938
340 290 23431
378 368 17495
374 333 15316
262 318 14890
254 272 17589
312 324 20816
344 278 21503
283 338 24282
387 360 18519
307 328 15330
397 267 22990
371 394 22462
345 365 18648
395 378 14819
365 380 20821
331 291 20204
269 383 23994
302 266 18604
256 250 23257
329 307 16078
292 304 18659
294 274 14639
263 367 15938
313 362 13402
281 324 17373
271 254 23741
333 271 14633
273 321 22643
299 326 13176
285 252 21599
347 294 14948
273 339 14953
344 350 14811
377 263 21129
387 294 13200
374 313 22503
251 396 22957
261 269 23065
286 316 20096
309 351 22284
391 295 17946
373 319 17071
378 260 17822
350 387 23133
279 371 23524
284 344 15517
291 345 14901
317 354 17078
262 390 20645
282 296 17555
305 287 22183
368 259 14877
369 385 19874
317 333 13222
279 362 19498
282 397 23192
347 285 16739
256 351 21656
333 361 16403
323 393 16749
264 295 19993
400 260 14070
300 379 23531
362 296 23298
256 323 14493
272 355 24205
379 299 16741
280 303 20365
285 384 24121
277 307 15223
316 319 18545
390 318 16437
320 369 24267
386 328 21546
383 334 14115
342 354 16791
293 333 13784
280 363 14004
365 398 14520
260 272 22979
296 339 14331
373 326 13349
312 397 21912
379 382 24296
338 364 18009
373 304 16555
358 347 16114
392 377 20425
329 340 15546
250 350 16180
376 394 19068
272 366 19904
384 276 24051
312 252 19442
319 340 20668
257 312 17922
297 267 22409
268 259 15274
351 336 19472
279 334 23527
378 310 15648
264 330 19686
377 313 16481
336 376 14585
273 292 15538
323 297 23169
276 344 13243
323 360 23155
346 311 20012
308 338 20927
368 315 17572
268 327 18285
284 303 16410
325 387 13851
367 258 17613
349 331 14399
392 356 23355
301 278 13700
368 372 19748
368 279 21448
302 395 17688
296 262 16113
371 296 15043
356 371 14232
314 336 21698
316 284 13927
365 275 20017
353 326 22487
303 291 23611
310 257 18562
254 309 15152
261 356 20321
345 324 20873
330 277 21865
299 341 13585
276 256 14162
332 369 18173
342 319 23148
379 371 16642
388 280 16968
272 285 13747
302 296 15842
343 390 24247
278 319 21351
333 366 22019
322 390 16850
346 321 18542
394 262 19144
367 390 15065
379 377 17345
397 397 23132
325 296 23100
357 390 16071
310 265 19679
288 346 23857
359 268 18997
281 362 21618
320 355 16138
277 319 23345
356 298 24245
312 294 13102
303 367 23249
340 321 16813
365 379 24265
305 266 17857
364 373 13767
258 251 20164
373 321 16907
350 348 21153
313 301 18237
253 363 23427
340 265 14872
320 354 15297
290 318 20358
273 373 13093
352 334 20827
297 341 22097
356 311 15438
365 260 21008
295 324 19853
271 327 19031
289 264 18954
271 334 14130
324 372 23222
353 395 16297
398 345 15513
262 392 15567
278 345 22362
365 309 16440
398 355 19444
331 374 20022
375 263 18276
284 282 21740
297 355 22930
376 305 21810
275 303 16232
258 313 15547
330 342 22627
314 304 23074
305 301 18033
370 382 19748
357 357 20341
358 389 14677
293 286 23358
346 259 17130
393 284 18685
385 290 17544
365 370 18511
288 282 14302
270 337 15642
357 305 15368
264 261 19513
334 370 22732
285 260 19147
341 356 18980
299 348 22815
309 330 17572
382 293 14404
394 331 18380
309 351 14634
276 305 18195
372 319 16202
272 252 22514
312 287 16267
386 376 22982
317 273 20287
280 332 24292
283 313 17660
256 306 18603
259 363 14597
350 388 21974
344 359 22169
350 381 22525
323 291 13418
306 274 20799
395 339 14900
279 369 16998
394 250 13331
250 254 20709
334 264 17836
368 364 15939
304 307 20101
309 255 22822
313 328 22534
355 383 21092
370 377 21763
257 255 16054
375 399 24130
254 397 20505
336 330 14850
380 295 17384
261 349 17711
399 256 19034
367 319 16853
372 273 14434
253 391 21759
372 398 20804
306 370 14275
392 372 19710
331 307 15820
282 285 15503
347 296 13717
316 292 15341
291 259 15886
340 381 22776
373 382 21214
380 353 17390
391 257 15304
250 399 23869
256 329 23906
340 361 13243
317 307 17418
394 371 18219
325 261 14170
324 349 14805
345 319 21208
354 297 19546
360 287 17164
334 287 13894
280 291 17241
281 380 15041
317 296 18685
397 289 21585
368 365 22770
347 286 14792
304 379 14678
393 332 17172
282 292 21494
329 376 19199
372 253 16995
345 284 13412
274 349 15245
260 345 23210
368 311 21344
334 257 19540
397 311 13559
379 303 14332
257 334 23533
322 262 20868
271 385 17208
261 327 16450
382 350 14547
396 360 20207
300 327 13338
316 258 22000
370 253 21108
398 382 16156
360 390 20696
360 309 20586
336 330 16721
313 339 17634
324 318 14066
284 313 23001
338 362 23421
301 277 13795
272 395 18515
303 392 13946
386 350 22565
400 307 23262
274 391 19521
282 303 15337
364 376 18131
397 257 16132
388 345 15260
303 397 21144
377 268 13434
302 319 23872
359 303 19892
252 302 23326
353 324 23738
383 357 18327
347 320 17552
382 315 15953
328 302 13729
383 355 22519
315 329 13134
389 379 17858
304 337 24255
315 337 17423
386 289 20541
296 269 14731
257 367 13211
343 346 24055
287 271 20652
322 252 20430
354 317 14463
250 303 15272
367 356 16798
384 270 13013
301 255 22765
292 299 18676
388 305 14384
250 398 15020
331 282 21000
310 354 18995
393 307 21441
251 306 17474
391 272 22257
313 254 13077
323 303 18568
370 343 15569
285 328 17993
314 328 21808
290 256 20245
283 315 16749
281 307 18123
343 306 17496
308 294 15434
377 358 23191
316 278 19878
256 398 20043
398 282 14118
290 344 17905
331 384 24155
250 267 22213
273 296 15218
353 389 20224
335 295 21197
339 271 14929
347 335 24031
253 339 17364
252 335 16196
329 375 21910
331 305 18222
340 303 13131
263 326 23932
392 277 18162
273 362 18602
352 300 20495
385 395 23917
296 398 23139
352 400 13722
290 326 23258
323 254 19651
335 345 21447
364 356 14087
286 346 18287
347 369 15945
303 320 20794
278 303 13420
334 347 16292
331 298 16570
262 339 16949
318 259 18043
275 344 16992
287 305 18717
373 341 18430
338 287 23355
261 340 23382
386 366 16150
355 300 16982
320 379 18944
281 392 18224
317 307 19441
359 332 13803
341 367 19747
280 340 18600
314 275 19816
316 286 13408
386 271 18168
359 375 19702
279 292 23857
397 321 13048
300 388 15839
363 344 13570
369 284 14686
277 313 15984
276 375 13029
313 290 15774
287 275 13706
375 384 18546
363 261 19572
327 255 16063
282 306 16259
292 268 18198
383 386 18863
290 262 19681
284 289 23367
304 352 21970
356 387 14574
278 361 19919
324 321 23683
260 398 20511
266 277 24210
262 318 18623
350 300 15853
321 338 19932
354 373 13861
360 274 15756
256 380 14726
324 255 20231
375 329 20669
285 338 19888
349 352 13646
318 362 13365
301 311 23907
272 381 20070
251 332 20428
269 291 22296
387 295 24156
338 369 15415
251 344 21504
385 377 15097
366 325 21855
372 391 15434
295 291 16621
268 311 19982
328 310 20899
360 329 22733
265 313 16147
296 399 14016
335 399 16251
298 383 17945
349 346 23894
349 315 22710
311 360 15724
335 377 18667
336 304 22878
269 262 22213
392 275 19426
258 322 16245
395 256 17185
324 302 21331
378 250 14552
354 347 15798
320 258 22721
326 343 23629
393 276 14293
367 293 17733
268 284 13640
382 291 13169
343 285 23028
302 358 17824
392 333 15245
277 287 24146
377 357 17357
285 280 14090
318 270 17036
252 386 15787
348 253 13071
320 385 16326
362 327 22276
257 379 13152
357 371 23504
304 396 23321
346 372 15306
399 254 17776
391 320 20805
257 321 20259
320 268 14052
262 336 17193
394 295 21630
261 302 15955
386 258 21377
290 310 16850
384 255 23477
279 253 18661
356 393 15744
303 400 20313
383 317 18795
316 327 23129
385 320 22185
376 332 18984
345 315 18350
285 355 19813
369 336 14637
271 363 15762
327 319 19988
305 370 13045
351 352 17602
263 266 18141
260 250 22278
303 374 20985
397 318 14414
347 353 13069
356 319 15972
369 339 15708
386 265 15475
394 318 13357
400 267 19328
323 280 13420
321 288 22424
391 339 21073
389 336 16615
300 280 21718
315 386 17636
262 355 19137
323 338 16291
300 331 13421
397 329 17839
293 400 19750
357 320 19561
267 310 17875
300 298 13668
251 347 23590
304 261 13550
275 271 19083
333 345 20353
253 395 17342
391 392 21393
395 284 18803
276 389 14713
347 253 22693
354 302 16833
296 303 21144
268 355 17390
372 380 19842
280 310 19910
273 312 17354
348 300 19537
349 295 21489
351 321 13908
270 265 17519
399 369 17796
274 262 15639
395 278 19768
376 250 16511
378 278 23306
323 301 20845
262 400 18133
339 348 20010
301 297 21927
398 315 23437
346 313 13826
348 335 17935
400 327 15174
257 300 21683
393 278 18233
286 349 14892
390 359 13288
394 297 21814
291 346 23674
256 341 22158
388 287 22669
335 385 22031
294 384 17091
282 389 16529
268 380 15890
282 265 15077
346 253 14152
257 395 23944
265 283 16330
318 290 21824
286 277 15339
313 362 17262
274 253 18935
313 286 15825
250 302 15737
365 333 17678
276 278 22485
293 285 23993
358 301 22205
367 367 14750
317 250 16357
302 313 16553
270 338 20274
372 250 22686
311 399 14166
379 364 18254
309 388 18536
393 280 15301
320 388 21654
278 355 18664
277 269 22498
302 320 13218
285 340 22455
273 311 13396
293 370 23466
365 346 14653
370 254 18639
251 397 22563
317 314 21777
283 343 16898
365 368 16750
296 267 23671
288 302 23618
369 325 15519
297 366 20505
374 331 20294
264 300 22277
289 299 21927
345 367 14644
389 398 18219
382 360 23103
395 253 14348
327 292 22396
347 260 16334
275 305 21437
324 278 16275
318 290 21693
316 330 20630
309 274 22393
365 260 14615
360 391 16976
325 385 20666
305 310 14606
337 254 16835
290 280 16450
362 354 21203
361 269 17155
260 335 14239
355 393 15011
267 357 16948
325 316 23950
341 389 21461
363 291 15859
275 377 19339
345 266 14538
318 376 21837
320 337 21640
361 345 16218
332 299 21504
324 314 13830
325 387 21013
315 328 23553
290 290 15789
323 313 18418
361 255 23475
275 324 16798
294 392 17255
329 352 15233
299 282 22654
259 354 22021
324 278 23534
303 344 22584
268 382 24123
274 305 18458
253 263 20725
399 288 20359
369 330 21271
274 257 13604
273 304 16902
322 312 19162
281 384 17327
378 286 22346
251 302 20082
311 325 21979
284 328 23077
262 326 13616
310 292 18023
351 316 22342
342 340 15777
363 261 13838
338 292 14640
341 268 19191
283 269 15444
357 329 21781
334 363 21022
323 373 16635
347 282 19426
301 381 15343
259 321 15205
272 283 20082
345 369 17975
253 309 15125
346 342 14109
338 297 14752
257 381 15505
251 301 24093
322 399 13978
282 297 16030
308 306 16838
274 327 16012
250 271 24008
265 272 22553
298 366 18280
351 304 22562
329 309 17489
268 308 21722
329 378 13280
270 259 24076
340 318 22549
328 340 22774
349 338 14290
339 354 14330
387 251 13492
374 350 22806
257 279 17156
271 297 15864
336 374 15557
398 392 15656
355 331 18503
367 258 15005
303 358 16536
261 294 21065
388 280 19418
329 253 24002
325 260 22557
375 279 13296
333 364 20189
269 359 13031
365 313 14737
374 278 17844
324 331 14067
360 340 14414
350 327 21430
339 256 15084
275 329 23242
392 303 16498
251 387 23456
386 253 17507
360 368 14019
264 341 24119
325 262 15100
342 372 19433
250 319 15852
341 255 20439
281 279 13396
383 270 14470
361 271 15227
302 255 22516
352 365 16395
312 377 22250
301 301 19488
371 391 22945
378 391 22379
314 330 19918
254 361 16841
273 341 21129
346 301 23356
251 353 19413
311 302 16338
335 365 17445
298 263 14703
272 384 17762
367 361 21031
379 273 17348
394 275 13089
287 299 15783
349 395 20342
281 394 23210
366 304 13301
265 388 22818
288 285 13392
364 307 14013
277 272 19816
330 399 22353
314 392 15049
257 276 13892
291 375 23067
376 253 19489
259 369 23972
346 383 17315
394 270 13060
307 382 21988
349 258 15854
352 339 19629
376 250 21925
275 257 22291
373 296 14842
313 270 16941
399 279 16697
384 373 14732
359 367 18207
366 271 14811
280 370 13598
367 320 22600
299 293 23567
371 318 13872
320 289 14606
392 352 14804
315 348 17669
359 331 23504
383 287 23820
274 253 16295
297 283 15956
328 399 19898
294 295 21883
260 266 21244
384 336 14583
251 326 20551
289 391 23039
355 347 17429
395 327 16619
399 351 13664
273 398 20267
265 323 13968
326 367 16987
281 377 15652
300 359 23546
361 358 15620
368 398 15699
323 352 23188
357 344 21513
279 340 20173
354 363 20979
309 376 13230
262 301 15112
260 330 21599
275 381 23843
376 339 19158
400 306 17931
263 379 13533
372 333 20760
256 363 16535
392 314 19744
372 371 15037
272 383 20613
290 393 22755
283 267 15695
384 391 23614
290 390 15875
342 250 22399
343 370 13720
287 376 20346
321 365 20344
313 334 20981
281 357 20510
298 395 18626
393 277 19560
316 259 18265
327 299 14648
393 392 18413
285 334 18729
262 370 15523
348 288 17547
345 352 24194
312 381 21682
261 278 19130
351 268 22421
308 334 15510
254 259 13139
340 251 20238
273 286 19034
327 296 17288
355 394 22827
345 336 24088
270 398 18817
299 256 18919
322 358 22850
372 263 19293
281 265 14569
388 353 15845
333 377 14216
360 301 18984
355 253 21906
390 348 23317
372 367 17186
336 265 18028
326 337 17457
332 308 17741
272 337 21429
372 322 23164
321 252 19774
306 361 18565
337 315 22062
360 302 19219
317 273 22809
271 359 21631
382 282 23392
298 364 21923
376 385 24025
318 354 14248
364 274 15419
384 328 22275
303 265 20798
376 373 16523
394 287 17823
379 308 14924
376 288 13745
310 334 21422
298 309 17357
373 375 18710
370 339 21321
368 322 15105
325 375 21639
348 348 15932
269 342 19599
365 318 14230
263 293 13436
347 351 13091
392 399 22228
270 372 23963
250 339 17162
255 306 19898
337 380 15137
282 325 13520
349 344 23980
303 306 19715
313 320 13648
361 264 23180
342 253 16328
380 273 19710
392 271 18983
343 277 13850
364 364 17880
357 394 23280
298 343 19560
329 394 22841
277 304 23750
267 264 23032
360 354 22102
298 331 14018
357 320 15790
354 262 17432
254 374 21050
285 329 16977
390 375 15153
284 302 22177
386 327 13966
253 344 13554
284 301 21032
319 348 16023
374 304 20790
299 257 21188
400 259 19825
311 294 20414
366 282 14891
362 316 22821
348 299 21314
389 303 22316
290 335 21995
294 253 19386
378 375 14193
382 273 20983
395 270 22300
383 331 14442
295 295 16272
334 254 16044
273 352 19309
291 338 18510
250 379 23680
259 272 14316
368 400 14036
378 380 22913
393 374 22783
267 354 18979
336 399 15480
284 330 21446
296 353 16450
360 392 21340
324 391 18366
371 400 22567
271 366 22953
296 343 23021
340 336 16946
254 353 22852
399 286 21263
286 318 15647
329 364 22834
321 322 17239
252 394 21056
311 365 16390
389 386 20925
316 279 17548
371 367 22827
399 372 19172
378 370 19324
353 255 16833
256 332 17459
262 252 13496
259 253 21753
394 312 23306
377 300 15179
325 367 21006
364 335 18381
339 334 19801
263 309 21524
373 260 21738
399 266 17592
387 278 21118
298 285 13768
352 278 16499
367 254 16281
368 327 16059
397 291 14555
391 378 20008
354 389 19672
284 361 14802
371 358 15053
387 344 16245
254 391 22617
276 342 19629
357 306 21968
338 273 14963
285 268 23044
316 256 17850
277 361 21144
296 393 20946
325 363 16796
368 347 17445
288 352 16383
391 376 15356
371 330 13372
353 268 23908
260 301 18360
359 367 16123
284 393 16990
347 288 19763
370 364 20306
350 331 17779
273 368 23017
336 356 18482
339 326 18973
397 276 20763
328 287 19904
276 396 22245
382 278 23494
295 375 23316
352 344 16507
369 293 16419
332 314 19289
396 400 23436
281 337 17183
398 331 16505
380 258 16359
263 285 19782
263 264 16032
253 310 17546
281 259 13964
273 378 23096
342 307 17067
378 302 17568
367 332 19947
281 327 13277
370 305 17052
348 318 16748
317 331 17065
316 334 13410
287 365 14123
352 386 17926
307 327 15585
326 302 17116
341 268 16704
292 299 16030
323 269 20141
362 365 13344
283 281 20475
369 345 18131
363 382 16628
363 333 21052
343 390 14937
378 313 13158
312 252 19142
329 294 17191
270 365 23685
268 324 19386
332 357 18083
324 324 13086
400 284 22955
287 397 23341
311 337 20048
262 312 18720
263 375 19634
282 301 22730
349 321 21277
282 337 15037
330 266 16340
256 340 13662
277 337 20289
279 374 21754
362 285 22982
281 295 16838
262 306 14444
395 338 19505
271 285 21037
261 317 14882
323 398 16975
341 253 23492
281 279 16966
254 308 16616
371 268 19196
276 297 23928
390 307 15379
327 302 15283
315 321 16531
370 332 22801
359 252 22174
364 344 15441
306 373 22570
335 377 19619
337 346 16930
373 372 14544
302 361 18180
288 285 16168
360 348 22530
314 317 22944
337 275 23741
354 389 19676
374 292 24288
272 377 22268
377 311 22371
350 281 16273
366 334 19111
290 370 21030
265 327 21528
311 391 21635
286 325 23233
264 278 18998
336 400 19422
378 271 21464
395 399 13150
356 348 20558
289 313 20721
328 351 16018
252 366 20031
275 274 20700
362 311 18105
322 325 17127
269 259 13202
257 387 20190
371 379 15107
393 335 17474
295 372 17536
280 299 13467
384 299 19733
262 325 16261
278 284 17286
368 356 22250
336 375 19524
301 383 13389
289 351 13112
274 341 14052
354 386 15190
345 265 19923
286 398 13682
341 257 20588
268 285 15379
258 251 23880
322 337 20906
396 388 21465
302 274 22722
338 296 13528
307 399 17033
397 341 15644
385 377 19388
269 315 16990
378 334 20443
369 340 23552
316 261 19146
387 255 16011
288 307 21337
287 395 18927
378 302 17546
304 296 21731
395 278 13643
329 297 18321
273 272 13714
250 390 22414
377 303 17058
289 289 22478
337 326 20757
258 363 20590
373 340 18739
335 393 21686
386 385 18048
262 313 24099
353 334 13529
376 332 19901
337 308 20198
310 347 15318
285 283 20735
320 290 20858
348 262 23223
272 346 20563
396 331 24107
396 342 20360
291 294 21898
360 267 17856
264 353 21503
373 260 13670
371 295 17253
291 364 13698
323 309 17516
294 331 21955
255 326 13148
351 322 14335
357 361 16824
299 320 17037
320 333 14667
250 303 16487
277 271 13670
334 313 22556
282 384 19554
392 277 14695
293 282 20959
274 381 16503
345 337 23725
309 385 13551
289 304 15479
371 304 22693
313 329 19207
298 263 19762
395 295 13911
251 284 16169
337 326 18508
349 348 22313
280 293 15061
321 352 14235
281 391 13392
324 360 14028
267 270 23821
381 316 21710
256 310 22407
265 309 20708
299 396 16983
363 343 15672
256 371 22403
388 291 21117
350 320 17427
369 394 20009
288 259 18336
285 390 20085
295 395 16506
349 259 22737
286 307 20591
297 269 19603
255 274 18984
257 261 18162
359 359 17686
298 327 13030
348 364 13886
266 399 23746
400 294 22483
291 391 15300
393 276 23671
337 321 16492
374 324 21383
377 329 22099
271 287 19876
387 334 19397
343 281 17400
306 295 21991
256 294 21996
352 336 21393
306 328 19306
315 264 24010
343 386 24163
394 362 17871
304 384 17541
322 368 16303
267 310 18451
325 364 13731
380 370 17811
326 319 18608
260 375 23144
371 287 23419
251 379 23321
355 372 21828
387 273 15517
303 346 21951
304 363 16985
335 285 18673
259 263 22170
379 337 18655
280 348 14718
260 318 21032
253 318 22782
381 270 21345
319 256 21528
389 309 23201
275 361 14455
370 296 22289
275 303 21796
300 279 21972
393 310 17197
310 320 20784
262 321 14137
343 299 19719
395 366 17088
319 352 22084
338 375 19706
316 342 19696
328 367 22785
353 267 19772
313 259 18979
368 317 16537
341 329 22865
378 271 18681
286 263 19818
349 331 19073
319 266 16811
398 332 14304
372 258 21515
397 361 20726
301 271 21884
263 390 15407
295 328 17913
395 306 16584
393 342 19767
354 289 17683
267 356 13527
304 353 13046
282 322 14231
377 318 18871
335 368 13339
302 381 21717
334 274 13600
295 268 17014
276 258 20372
270 362 16464
343 378 14374
281 281 20808
301 311 19864
328 287 18613
313 370 19534
321 271 14592
315 356 14332
389 399 14605
366 274 16800
282 292 13722
387 383 22742
295 263 20782
305 313 22022
384 391 23678
381 303 15172
343 372 19400
284 286 17750
250 272 22142
382 388 17853
370 270 22951
318 256 23811
394 299 16670
348 354 21456
363 338 21095
263 316 21458
283 257 22884
324 291 20078
317 289 20645
308 270 21594
321 389 16282
375 306 19473
261 300 14235
309 398 22392
271 361 18487
370 372 19432
371 254 20463
341 326 16165
348 393 23462
376 298 14353
391 370 19530
275 344 24124
312 353 23862
398 261 15227
285 280 22833
258 400 16454
298 368 20860
344 309 24146
279 254 24054
253 380 18429
396 370 20707
377 393 13949
263 302 21844
346 298 16878
275 333 16093
312 340 20575
321 388 23193
335 329 19816
272 356 17522
350 359 23958
328 355 18111
273 329 18856
311 340 21365
301 285 24160
300 308 21042
330 370 21789
360 291 14528
355 374 13729
256 394 24136
310 343 13728
344 271 19334
346 292 13587
336 351 14618
380 400 14983
318 300 21202
339 380 20509
299 337 20652
395 289 13900
266 295 19983
395 356 16059
330 297 23147
367 393 15057
333 328 15338
388 306 14526
326 374 16501
324 310 21641
289 359 14922
296 351 17838
273 365 18897
397 360 19908
310 287 16238
393 251 17289
367 332 17620
292 320 14296
366 396 15763
340 317 14472
290 356 23504
328 400 17497
254 273 17063
374 267 22040
299 325 14850
271 317 13127
384 283 21749
270 324 19738
365 289 20376
278 377 13559
251 265 18096
333 341 19040
363 343 21585
358 316 18700
311 363 20451
298 382 18679
286 364 19734
358 384 21661
346 349 23272
328 375 23776
374 377 22093
375 307 22860
375 270 23908
397 378 19836
284 286 14836
398 334 14863
276 370 17198
335 326 15162
319 271 14344
338 347 17507
334 320 23407
344 294 15658
295 267 18641
336 263 13821
293 297 21538
364 292 18328
265 319 22626
278 251 22159
276 321 19374
370 256 14640
287 340 15525
331 282 13109
279 327 13434
397 260 20793
340 304 15574
320 267 16526
383 280 13739
262 308 18239
368 334 20380
340 301 19135
258 338 18275
398 266 19885
277 296 22527
321 290 14511
379 380 18265
331 298 17319
325 280 20543
387 290 13829
299 255 14931
280 345 13893
267 353 23808
343 349 16892
300 374 22695
334 294 14538
377 272 14264
322 353 16396
285 278 14964
275 264 19594
326 311 21139
306 341 14674
337 358 13138
306 301 16342
292 349 20103
321 283 17849
391 257 21664
287 329 20110
384 364 23719
356 390 17640
370 313 15696
387 367 13968
350 303 21306
263 358 21965
276 398 22830
261 316 15121
289 306 22948
340 341 21971
343 324 20803
372 279 15687
262 397 23044
364 383 22207
255 330 22653
252 342 19600
299 366 14225
294 375 23231
322 264 18550
355 354 24046
316 296 13508
392 265 22799
302 277 13315
275 391 13080
363 396 19474
354 396 22915
299 294 18161
393 338 16608
400 257 23104
312 362 21001
316 278 20124
391 267 17178
344 318 21095
293 343 18980
372 304 20385
383 257 22317
330 304 15437
396 294 18157
283 293 17009
337 354 14932
340 269 18184
391 259 23269
304 351 21574
395 395 16136
323 364 16163
397 346 13002
313 274 13254
276 269 15428
324 302 21173
381 387 22024
397 326 17728
291 314 20094
349 366 16321
324 358 22317
392 280 15564
362 274 18126
336 337 17322
367 362 22605
288 285 14985
254 263 15865
322 259 19232
256 298 16619
349 397 20788
395 320 17236
279 310 16235
278 269 13871
372 355 15170
340 320 24145
324 358 19064
359 360 15235
379 279 23174
323 283 21177
332 383 16796
303 375 18607
383 253 22738
339 280 21054
320 251 22141
386 339 21962
260 262 20230
320 372 13819
391 350 23052
318 270 20338
296 350 15485
267 253 20399
308 384 14792
256 322 23827
372 390 23025
289 375 21001
277 385 16060
372 302 14481
272 290 19129
351 359 13639
313 252 17220
257 269 19356
326 327 24283
395 331 21223
344 300 18053
295 340 14230
335 367 16605
385 336 21522
254 358 15623
373 309 17668
360 372 20243
299 380 20136
387 303 15949
308 297 17418
301 390 14293
281 284 22721
387 367 19345
325 349 18402
315 353 13706
343 324 23892
330 283 13817
319 330 17149
325 317 18689
256 373 20228
267 273 21296
328 302 13612
328 289 16476
290 364 14643
340 276 16600
346 369 14464
260 298 13166
295 367 23932
308 290 16508
371 296 13476
329 313 16052
277 391 17991
256 316 13515
349 356 13237
391 294 22964
386 390 22721
301 250 21470
250 293 17868
280 351 13623
372 320 14399
288 399 14891
375 273 23401
362 277 20043
388 377 18171
377 367 13464
390 350 20642
372 400 13986
251 400 16911
396 277 15261
278 400 19016
357 285 19814
348 259 23236
326 372 22889
371 357 15241
369 332 20241
260 319 18893
289 290 14237
319 289 16161
389 283 14578
257 311 20002
346 267 14604
282 363 15450
391 289 17810
376 259 22199
337 376 13262
262 386 20846
286 274 13770
309 341 18808
330 330 19809
376 335 20111
268 281 22690
346 311 13847
280 301 23865
335 274 21599
346 359 16512
288 372 13360
299 255 15493
349 313 14177
286 391 20329
255 366 17904
284 384 24218
327 327 20772
335 357 13509
378 291 16612
279 387 14014
304 272 24257
314 320 23629
347 266 20373
320 302 14936
371 306 13188
356 338 22131
371 264 20771
296 348 15850
270 325 16472
267 353 13528
376 256 18581
300 319 23885
381 265 23203
374 335 15338
355 305 18397
299 258 16894
377 379 13512
381 272 13391
342 291 20389
342 308 16214
326 281 24261
333 332 18001
257 312 15518
349 284 17989
342 387 14437
389 286 16774
371 262 17911
367 392 22907
313 331 23686
332 272 16853
301 346 23307
276 279 23122
321 284 24212
378 383 22652
372 324 20378
267 310 14862
322 278 22242
354 396 16393
257 306 15756
350 386 16796
350 286 20042
382 310 24067
345 379 17158
369 357 13812
271 326 20657
313 343 20494
387 263 17215
323 365 15626
400 370 20410
257 319 16358
284 266 22275
255 399 22533
255 343 15125
290 309 18162
305 331 21042
394 392 18196
389 379 13397
264 301 22856
282 298 19868
357 303 22126
265 336 15177
361 341 20628
364 347 18996
345 385 21492
283 287 15172
294 278 18713
399 267 19962
364 279 23870
291 309 22531
336 265 22995
299 279 17758
277 390 13862
252 351 15368
321 293 15135
297 326 18267
349 371 16831
395 367 15605
266 329 14513
335 368 13466
304 304 24168
326 351 16079
281 378 14066
327 381 16363
318 299 22380
292 344 14683
302 293 23911
338 287 14356
391 302 16021
320 387 13449
308 288 13507
312 362 22606
345 393 23042
365 318 24019
333 386 15942
345 275 22896
280 325 13155
334 262 19322
354 250 14463
301 320 20747
368 379 13807
336 288 19231
254 384 23469
301 346 20378
324 277 19333
399 370 19755
264 398 15611
325 331 15026
268 282 16311
264 333 18266
395 300 21356
260 384 14151
391 389 15322
360 287 14636
396 362 15455
265 360 17438
312 374 17976
281 296 20973
261 314 20778
393 328 13407
291 320 13321
318 331 22606
381 319 16970
277 278 13462
267 272 16095
282 287 20804
266 347 14887
398 376 14090
307 386 20444
399 378 21397
273 266 13399
347 334 15562
255 314 20103
298 339 19187
380 356 20191
271 388 13858
269 253 19819
392 399 18087
256 305 21988
334 302 20819
338 325 19846
261 271 20418
265 274 23687
336 322 20675
285 300 13020
252 321 23058
256 340 17040
357 329 22538
279 334 22214
336 267 23845
371 355 20831
268 364 13495
399 379 22740
292 313 15926
272 346 16112
359 349 15095
283 355 20679
359 312 13732
280 339 20656
255 274 23582
284 395 19610
385 261 20436
356 257 21617
349 299 18956
262 319 22932
376 278 18139
257 309 21026
378 267 20105
276 295 13457
256 301 17077
251 333 13473
352 315 20789
264 270 14124
305 368 18179
258 380 22323
305 354 19570
301 359 24270
251 336 17865
261 360 14186
360 364 18154
332 366 19593
297 317 22044
271 329 18993
252 384 20182
278 390 14523
376 293 16426
350 344 23694
382 345 18695
277 354 13458
369 313 15641
359 393 21811
280 288 22987
266 307 19600
272 308 20265
395 336 16926
344 311 15222
397 259 13286
257 389 16429
351 265 13450
254 383 18820
269 341 15595
400 369 18263
292 385 20599
266 257 16719
373 400 14517
318 343 20603
304 337 14656
384 342 16531
255 293 24086
381 297 22917
266 314 15463
294 311 19615
361 353 14814
332 368 22643
359 340 20680
323 255 21747
347 309 17971
378 290 13039
397 295 23946
281 275 21545
295 291 24068
250 335 13436
325 293 15228
382 373 22029
295 329 21222
356 252 18310
355 347 22522
292 323 15838
321 319 17278
392 348 20285
356 394 15088
383 394 24165
321 316 18884
361 295 22433
368 340 15935
312 293 16497
261 398 20423
267 287 18071
311 357 17264
400 346 15073
363 301 24132
365 283 21591
300 353 14064
276 311 14666
375 279 14732
250 341 21944
278 351 22449
400 366 21220
294 277 15580
256 274 23483
317 388 23869
368 350 13794
260 400 16291
370 275 22289
372 399 22512
311 397 20890
294 273 13010
271 272 22408
287 316 15311
257 321 18595
323 386 16946
287 353 14029
283 362 16719
380 329 23891
390 300 22382
275 361 23711
250 253 13068
326 274 23190
366 309 22536
281 316 15371
372 387 19359
297 271 16028
323 303 13968
346 280 18536
390 269 13092
284 293 17674
323 291 20206
385 366 21553
316 331 15921
313 362 17189
382 332 13242
282 377 14950
284 297 13384
400 391 18842
291 381 22309
381 262 21997
281 335 14497
334 317 15411
261 383 15841
397 295 20814
294 274 14903
327 305 13353
382 339 24202
335 337 21562
321 376 20618
322 357 15161
366 388 13187
300 321 21771
349 330 14491
327 325 19190
265 369 15640
285 295 23078
278 275 13350
320 358 18605
350 276 14774
361 348 17541
383 313 15989
336 362 14610
357 310 17664
357 387 14060
251 252 22001
318 285 16417
290 313 21855
349 381 16101
346 331 20590
316 289 22031
394 271 18124
305 355 14657
288 312 18334
350 266 23412
335 265 16685
287 333 18362
284 371 21788
304 319 19861
279 262 14135
283 327 19236
386 318 19019
399 373 13673
373 259 16260
256 357 16973
274 289 14995
295 326 17258
351 358 22543
317 259 19899
264 289 14933
290 322 22294
357 305 15342
293 303 16949
332 273 17427
282 279 21440
397 302 16035
378 347 24226
287 295 17112
318 360 17560
266 375 21666
375 262 14422
257 370 20449
360 260 15268
280 342 23132
359 372 19772
393 368 15599
316 345 18591
314 380 18519
269 298 14449
384 312 15958
386 284 18751
311 291 16187
289 399 15863
319 278 21167
373 385 21345
305 378 13363
287 293 13230
364 355 19774
337 374 22656
267 356 17476
321 341 14751
387 400 16768
269 286 21577
312 356 19114
294 328 13805
398 381 22676
318 267 21872
331 381 15611
323 315 23598
362 330 23502
309 399 21275
291 383 14047
313 251 17851
332 311 23657
379 355 16284
257 350 20810
264 267 14521
310 348 14307
312 269 14388
286 381 13499
364 287 14597
382 328 19143
399 390 16308
300 321 15964
306 297 23561
391 304 13549
302 316 13179
382 376 22683
288 286 14937
258 322 15189
306 286 16616
352 265 18256
381 264 19584
259 314 15164
347 370 18117
387 358 15234
377 260 16193
385 390 18565
338 277 13664
308 283 16380
258 339 14616
396 291 16647
309 269 16514
360 278 14776
331 373 23668
349 358 23875
267 334 18917
251 316 18899
359 251 13830
353 307 16396
264 315 13084
362 311 19504
324 368 16486
299 328 18639
335 258 21918
339 356 14288
301 373 16181
270 374 16476
380 330 13559
364 280 20664
383 294 17384
337 255 22925
334 328 15653
349 377 22036
390 309 17348
252 399 18004
372 299 19232
272 317 17218
389 296 17527
353 259 16533
377 391 21906
313 327 23965
310 259 19349
272 356 22872
311 343 13712
358 345 18129
360 314 17393
332 336 21714
275 323 21399
298 275 18857
352 400 17483
298 312 17361
251 370 17989
280 393 22853
285 301 23578
347 258 17784
257 366 22349
364 295 17858
388 320 19085
308 366 23874
384 316 13001
299 364 17738
289 363 18407
285 393 21952
388 275 14812
281 372 16926
267 377 21999
317 341 13665
299 328 16025
356 384 18015
286 367 20454
364 263 23664
355 301 13297
314 336 22592
263 321 23232
263 350 13215
271 367 20267
391 282 19178
256 331 18662
340 285 13103
388 319 22374
350 282 18636
274 385 20266
310 299 13947
339 310 18117
390 324 16463
260 343 22355
260 334 22543
348 338 21885
364 276 15168
364 263 21850
328 361 22049
305 383 17789
334 293 18768
295 380 22639
328 369 24208
309 378 13387
256 388 13188
382 333 14554
287 297 23226
377 258 14614
384 336 16056
273 389 22624
297 320 20603
366 366 15293
346 291 14212
399 350 17574
394 354 14341
320 335 14983
334 373 13864
375 349 22386
275 332 13311
287 355 14874
280 400 18749
313 365 18878
326 309 13371
305 307 21281
261 300 13776
355 368 15988
379 301 18498
296 273 19182
373 299 24176
382 336 15638
379 364 20957
295 277 20586
326 353 24166
398 255 16015
268 266 16403
392 371 14219
302 347 15310
330 393 14310
309 364 17127
368 343 19810
379 319 20683
388 362 13337
360 287 22663
390 282 20268
327 301 15018
309 290 23845
259 340 14836
260 270 18459
284 329 23081
356 294 13422
363 270 18246
331 258 13698
325 366 19669
268 355 15511
370 279 20803
334 339 13723
269 346 24151
299 356 23687
319 388 22806
303 341 17093
377 301 17770
370 381 24211
324 305 22981
313 323 13948
335 290 22724
257 375 18817
369 392 19037
269 290 14395
342 357 14786
339 257 20044
380 383 22967
290 352 15646
358 273 14010
390 334 13708
377 269 17718
392 274 14043
342 391 20536
387 259 20727
388 349 20075
373 287 21656
299 264 23176
276 305 14291
384 260 18297
394 400 20842
326 375 15854
297 364 24012
393 303 19148
327 289 20999
301 275 13360
381 396 14623
319 294 17580
386 320 19996
253 301 21783
292 294 18909
264 369 19328
254 265 18751
268 256 14411
270 333 16639
282 385 24114
392 365 23031
388 281 13429
396 266 20864
309 269 21094
380 311 19419
300 323 13834
343 327 23071
349 343 22859
258 364 20734
355 394 17417
324 385 19983
290 372 14490
299 366 19698
377 272 21307
357 251 17607
379 300 16441
370 393 13655
374 340 13256
386 346 14384
328 298 20746
253 372 14398
292 259 23851
361 307 19790
294 283 13503
396 388 18066
252 364 23796
335 331 23007
345 304 17159
295 287 16247
359 364 19618
265 367 13073
307 258 17943
317 367 23357
293 261 23166
290 254 14165
288 256 14072
334 340 16716
372 284 20867
348 327 22372
266 285 13373
386 298 13879
321 354 23866
266 270 22228
266 311 19954
297 351 14053
315 387 16139
297 320 19932
360 290 17503
324 386 13400
324 251 13299
289 385 20655
369 304 22851
307 320 22155
360 335 15635
273 382 22102
339 297 24022
258 344 18179
266 301 14579
307 373 17382
275 297 15821
275 334 23523
322 303 19539
322 358 18534
340 317 14137
269 338 19229
297 274 20960
309 280 16111
392 296 19697
362 354 18564
315 377 17793
270 251 17757
358 322 23626
349 392 16662
257 332 21684
251 349 23048
375 394 17515
395 302 16808
354 292 20854
364 251 14272
346 317 17346
374 335 19076
333 292 20111
345 389 14711
316 394 20614
350 393 13566
321 367 18260
314 359 23120
339 310 19312
256 273 22429
277 370 18546
274 341 14777
271 273 14638
339 368 13369
397 281 16504
386 379 18175
323 299 17602
251 363 22747
385 299 14121
256 304 18306
280 331 20982
369 356 17221
392 377 14495
304 315 13708
355 312 18522
398 297 15023
284 369 17551
283 370 15030
390 352 24144
256 357 14559
296 385 14437
303 352 14109
250 343 15360
369 398 22586
304 352 21908
268 349 18225
361 381 23401
350 262 20098
299 251 18438
295 255 22017
348 301 20381
329 354 16362
265 352 16029
326 320 16727
301 374 16110
337 390 17684
269 350 15323
316 297 15208
332 344 22794
298 390 20895
371 335 19111
276 263 14123
282 276 21453
382 352 24288
326 252 16331
373 339 21408
366 356 23238
337 269 15071
319 352 21537
302 398 17167
290 367 21827
326 391 22940
316 272 21615
257 252 15920
266 328 24025
398 298 20943
371 261 16189
289 347 20166
254 265 21665
312 317 19117
359 355 17248
338 281 20724
328 347 14602
344 352 20216
309 366 15980
277 364 16305
330 334 21581
338 371 20119
366 375 18419
341 285 17691
314 394 23116
252 330 22498
330 257 19676
279 352 13381
379 260 21908
253 285 18984
327 365 17309
262 303 15822
291 266 20887
336 358 18442
294 271 16946
360 271 18220
304 351 20905
343 378 18024
333 356 14074
287 360 20082
354 284 21391
353 296 21192
321 336 15352
264 269 21119
391 313 17721
359 271 13698
253 323 23783
306 266 17256
308 347 19641
319 382 15611
365 336 19770
371 288 18103
280 359 19305
354 372 20212
385 360 18508
282 316 17303
351 320 14796
369 374 21954
365 282 16560
312 351 18823
369 313 20712
309 281 22245
294 311 16522
365 264 22730
304 397 23713
305 278 20701
326 378 23208
270 346 23548
381 308 24029
284 370 21434
321 336 13123
289 396 14494
297 289 15435
259 254 14004
344 306 19899
388 361 22248
345 287 21751
371 307 15177
372 286 18080
252 318 14505
382 389 18360
271 275 13819
342 320 14569
324 329 18330
319 272 22592
310 257 24281
327 353 17977
320 323 16775
256 292 22623
250 292 16483
361 271 19769
257 292 17595
298 384 23498
379 308 18403
311 375 16331
300 284 23705
398 359 22912
380 276 24161
268 282 19694
340 281 16248
330 392 19542
307 397 22692
306 295 22900
378 273 19887
376 335 14657
394 385 18401
271 380 17770
398 359 21514
294 375 17798
383 314 18708
361 393 23034
360 297 13540
250 353 17934
273 328 15187
353 301 19214
255 295 24016
339 314 22568
382 310 17132
301 354 18491
399 337 22253
379 295 16312
346 255 23028
310 255 17392
321 278 16908
354 380 17259
318 385 13191
267 321 16986
343 303 22966
378 352 23986
387 350 19732
305 326 13452
369 271 20273
326 332 18705
387 250 20224
374 352 16128
261 270 16658
342 285 15917
334 378 22966
389 355 19430
395 339 18691
335 395 22165
320 361 14573
311 286 19054
305 271 22236
327 395 15006
327 253 23463
308 343 20434
361 276 19780
316 262 18625
371 256 22462
375 339 17945
302 259 19686
400 320 23699
277 373 18786
304 299 17439
281 374 19625
277 282 22820
307 393 24004
316 307 17551
275 277 23033
324 250 17575
363 300 19937
364 299 23378
398 327 22304
303 379 16933
352 259 21691
250 285 21932
395 342 17858
260 255 15142
288 278 13207
321 351 15030
293 313 14185
273 275 16536
320 272 21132
340 325 14611
257 274 21576
299 275 18595
370 267 21686
283 277 22038
253 315 15555
400 385 14413
393 277 16550
288 298 21646
382 368 22094
399 306 15097
393 311 13677
397 358 17454
282 328 20657
260 359 15984
391 363 16571
398 360 21151
357 352 23001
378 389 15044
272 368 21674
340 364 19874
330 357 16292
346 353 23913
386 383 22063
289 393 22607
373 382 16389
367 379 16492
347 334 20655
352 311 18763
252 333 15930
273 272 15996
348 352 13566
332 296 21508
275 279 22820
294 318 14888
271 288 19628
360 254 24004
254 349 18129
251 298 21145
385 301 16385
335 322 15660
398 268 22642
267 350 15412
389 373 21022
342 264 20240
285 283 17626
359 391 23760
260 396 17186
396 397 19206
289 380 17849
265 312 21789
262 309 22310
360 327 19989
352 313 14440
372 254 14726
307 287 14864
280 396 15527
254 253 20209
328 397 18259
297 283 19731
317 299 23263
256 309 13547
363 268 18038
265 369 18355
289 340 17311
326 395 21086
397 272 13712
308 277 17490
362 355 23537
260 251 13106
288 316 23481
377 320 13703
374 280 18726
297 296 15651
281 335 23799
269 260 16513
292 257 18303
307 313 20045
328 272 23211
343 281 22708
391 317 23385
336 293 20017
340 266 17624
360 313 16187
351 344 14432
276 361 16800
347 251 22441
289 308 22583
256 386 17429
328 326 23536
397 315 18030
381 250 22475
284 338 19110
369 297 17267
347 396 22299
259 270 15921
331 367 14802
256 253 22369
396 259 17801
