4608
volume peso recompensa duração(s)
3 28 849 527 
28 23 1501 1089 
16 26 1582 797 
23 29 758 345 
21 17 1401 249 
27 22 992 922 
3 2 1327 966 
21 24 1716 650 
14 15 881 127 
29 26 1934 989 
21 22 1486 109 
21 24 499 330 
10 14 422 1057 
27 19 1314 1051 
21 23 1314 837 
9 19 1983 533 
3 18 527 1007 
13 29 1887 164 
12 3 759 971 
27 9 1675 206 
14 29 1859 252 
18 28 1396 383 
21 24 1487 264 
12 18 893 671 
27 19 822 318 
9 27 433 771 
29 25 582 666 
25 9 270 611 
30 18 211 123 
8 2 1413 1061 
17 9 561 993 
18 5 1801 367 
23 16 1025 478 
12 16 558 108 
10 17 1465 357 
18 3 1798 427 
13 6 1110 798 
29 2 373 740 
2 18 203 1091 
22 23 1366 449 
9 15 1365 1010 
22 23 1590 182 
2 11 760 290 
5 2 1634 270 
7 21 1513 664 
14 6 1867 363 
15 10 1153 669 
2 18 1619 215 
2 22 743 1001 
7 13 750 1097 
15 5 308 1034 
28 22 853 967 
4 4 702 332 
9 6 1050 664 
15 1 1566 1028 
18 16 1361 1060 
29 17 279 1045 
29 3 1322 306 
7 7 287 213 
20 30 927 639 
25 24 419 261 
21 7 389 1031 
29 9 1559 130 
16 29 1779 843 
15 13 932 221 
7 1 1305 1097 
29 13 1458 444 
4 9 1526 163 
24 18 1228 470 
16 12 1122 102 
12 22 1164 644 
12 10 305 650 
14 22 304 495 
14 12 1204 215 
16 3 646 102 
3 9 1137 709 
18 24 1348 1085 
5 4 368 665 
17 23 278 498 
24 9 1661 224 
22 17 1580 899 
20 12 302 319 
6 8 1673 312 
8 16 1831 569 
10 20 519 436 
23 14 658 828 
6 19 1774 120 
19 14 512 772 
30 16 1667 548 
19 23 1113 988 
30 15 1357 328 
1 19 759 685 
8 28 1883 1040 
11 13 1110 287 
23 11 1021 926 
24 27 1352 107 
4 5 785 591 
27 26 1166 274 
11 8 1425 809 
26 10 1270 669 
7 2 587 1079 
6 21 1427 177 
23 17 1783 763 
5 29 1102 1051 
3 4 1986 885 
29 29 1319 878 
6 1 1024 937 
2 6 1758 1021 
30 8 1377 649 
20 19 660 745 
5 10 1669 1090 
8 27 850 152 
30 23 1736 278 
21 7 1179 119 
30 2 1471 927 
7 10 946 144 
9 2 1305 642 
20 11 255 694 
21 13 1757 606 
1 17 646 813 
1 21 2000 726 
20 11 1643 968 
12 1 1926 130 
10 4 1780 935 
27 16 1620 345 
27 8 918 567 
12 10 1847 1078 
27 19 1925 1091 
2 8 832 358 
19 9 1511 335 
10 3 912 834 
28 24 464 587 
1 27 1854 517 
4 4 696 805 
6 17 268 489 
5 6 1865 555 
14 21 250 930 
22 10 844 712 
5 1 1174 848 
16 23 1174 680 
20 12 1401 297 
8 23 1127 150 
9 24 458 747 
21 25 1544 770 
8 21 1729 144 
22 26 1172 311 
18 7 224 566 
30 29 1217 1015 
11 6 945 388 
29 30 1756 663 
15 5 1052 797 
21 15 836 100 
5 12 1768 851 
29 22 329 945 
29 25 460 476 
23 3 733 657 
9 8 423 944 
30 3 385 325 
7 17 1949 485 
23 4 633 125 
7 19 1865 204 
10 11 370 310 
5 5 308 1087 
7 2 233 562 
10 26 1433 695 
20 10 1364 390 
18 17 1907 947 
12 16 1337 495 
26 25 550 790 
6 17 1449 285 
13 8 262 798 
9 5 409 260 
22 22 1338 843 
23 24 567 506 
2 6 1821 968 
14 30 310 497 
17 5 777 1088 
21 3 245 392 
2 6 865 384 
2 30 1588 641 
14 29 961 794 
14 24 1372 951 
21 18 440 792 
10 18 1248 249 
22 10 1276 808 
4 15 1735 804 
12 3 704 190 
2 18 1870 446 
16 22 1446 267 
7 20 1036 946 
29 17 1392 971 
26 11 1881 697 
20 9 242 134 
24 11 1100 286 
13 10 1019 124 
27 6 1193 413 
19 17 506 1055 
28 23 591 665 
9 12 637 570 
22 26 426 627 
5 18 350 936 
20 22 1008 660 
1 17 1426 877 
15 4 548 960 
12 19 1064 849 
3 1 789 540 
12 5 403 849 
23 5 1494 366 
22 21 1992 642 
4 15 653 543 
2 26 1386 178 
21 8 862 939 
18 13 1014 113 
13 12 741 1012 
8 23 1162 714 
19 21 613 233 
11 17 436 290 
24 10 1832 385 
27 16 858 726 
15 11 1577 518 
24 27 1466 111 
30 8 1931 1081 
30 23 612 443 
5 30 1680 292 
9 24 1995 419 
25 13 350 702 
20 27 1471 508 
7 25 877 941 
21 28 1287 865 
5 19 1672 555 
11 8 772 118 
30 16 984 820 
1 26 659 665 
8 4 1380 956 
22 7 1187 425 
1 6 941 689 
25 17 1858 656 
5 25 869 393 
25 14 560 182 
29 28 611 749 
23 9 1868 583 
4 29 1993 259 
27 9 726 1100 
14 25 1893 897 
11 8 821 774 
3 30 1314 788 
13 19 1092 804 
16 12 1646 846 
12 15 1357 1062 
6 8 897 649 
17 6 1478 479 
1 27 1773 615 
5 5 281 428 
5 15 833 921 
25 20 663 857 
1 12 451 936 
19 9 1265 318 
8 24 326 156 
29 13 1945 777 
10 29 1746 151 
4 17 1708 889 
23 12 231 593 
1 5 1463 394 
9 29 377 694 
29 19 1894 471 
12 20 853 674 
25 7 348 897 
27 22 1715 854 
8 26 1777 363 
7 7 644 1040 
3 27 476 226 
17 30 881 551 
10 18 639 441 
30 3 1307 864 
1 20 238 519 
11 11 249 124 
6 2 1423 875 
8 9 1921 772 
27 6 786 427 
27 19 1756 598 
29 22 1328 1020 
25 23 540 273 
13 15 1129 910 
25 17 1593 904 
18 11 1655 657 
11 18 383 144 
15 8 1276 858 
19 21 778 145 
5 17 600 218 
9 10 1439 147 
16 5 954 1089 
21 8 559 439 
18 17 798 910 
4 25 1924 138 
3 22 1457 937 
4 27 1752 982 
13 4 1256 372 
5 27 1996 241 
23 9 1400 444 
16 21 576 613 
29 11 1923 500 
5 26 332 473 
9 22 1179 945 
10 9 1749 810 
4 23 1328 669 
19 21 1860 503 
29 9 522 588 
21 10 1182 980 
20 29 1499 330 
16 14 1019 141 
5 4 552 616 
12 1 1691 461 
23 15 1525 1049 
5 4 452 538 
4 13 939 860 
22 15 1729 466 
14 17 659 1062 
30 20 1187 969 
15 4 1879 846 
26 21 1694 223 
5 10 569 876 
5 19 302 395 
1 27 250 289 
3 7 1502 628 
15 22 1114 559 
4 5 838 601 
30 4 606 887 
24 1 1307 759 
3 17 627 233 
27 16 445 857 
4 9 1916 475 
8 19 1672 718 
10 12 1841 241 
8 22 827 508 
26 20 1216 437 
21 27 1306 109 
5 21 1850 802 
28 28 1672 488 
28 12 1846 850 
30 21 905 106 
25 30 294 112 
22 20 991 655 
10 23 1050 781 
19 11 1353 807 
23 26 569 1020 
15 25 1662 768 
29 21 1640 414 
11 11 1910 962 
11 19 1593 770 
8 29 1884 487 
21 20 1390 251 
1 5 991 634 
1 23 613 613 
9 26 216 332 
8 12 692 424 
22 1 1081 304 
19 5 755 143 
25 18 1370 196 
8 19 1973 600 
23 16 660 1085 
30 19 1248 434 
14 10 1713 1008 
13 9 621 351 
10 30 1427 174 
5 7 1702 762 
24 27 220 332 
15 28 1476 541 
14 14 1140 721 
2 5 1892 430 
6 18 1975 880 
26 13 644 163 
5 4 1050 983 
10 24 647 553 
20 19 1489 160 
16 18 1348 276 
23 30 1848 1057 
4 14 1028 383 
1 4 1648 528 
8 25 1054 808 
29 9 847 704 
3 25 1512 380 
13 13 692 913 
30 26 1255 343 
25 20 1409 171 
3 12 276 123 
7 1 623 242 
17 20 1156 709 
29 22 1145 458 
16 1 1273 561 
13 7 634 862 
2 11 1048 141 
30 7 1754 209 
19 27 902 248 
19 17 1465 634 
28 11 828 1098 
24 18 1177 466 
18 8 1342 639 
14 20 459 344 
1 27 708 342 
3 2 845 438 
20 19 1085 919 
27 30 760 283 
2 23 878 880 
2 14 1612 1099 
13 14 818 1052 
4 13 1034 1056 
9 12 1472 963 
5 25 1165 604 
5 15 1223 100 
7 26 1360 383 
11 5 1852 952 
10 27 1199 288 
3 26 1542 874 
1 26 554 1058 
29 9 250 936 
25 20 1234 128 
4 24 1494 102 
12 16 649 746 
12 4 828 1025 
22 26 204 359 
13 14 475 959 
2 13 968 335 
14 25 1113 402 
14 18 1492 915 
4 5 514 648 
12 12 948 385 
7 30 343 941 
25 19 364 702 
25 19 1000 403 
23 25 941 821 
20 25 1610 119 
5 26 1342 332 
23 15 213 212 
18 11 1020 756 
10 25 1805 941 
6 20 338 433 
8 29 1907 171 
24 3 1017 642 
20 25 1407 1044 
21 25 400 502 
1 14 233 659 
24 19 1795 520 
5 18 737 447 
8 16 1683 202 
7 17 1333 643 
12 11 1371 203 
5 16 926 260 
2 16 1069 326 
21 21 1772 343 
9 23 1310 888 
3 21 788 566 
28 15 323 1090 
24 21 542 932 
1 12 648 108 
28 12 230 613 
27 4 827 618 
24 4 1438 177 
18 21 1355 165 
11 5 1212 213 
11 21 1132 638 
11 21 1783 479 
2 18 260 204 
29 20 645 106 
16 4 1028 787 
7 24 637 718 
15 15 377 676 
11 18 267 828 
30 13 1570 395 
3 16 1002 989 
4 11 562 224 
22 28 513 597 
23 21 886 161 
15 16 1124 269 
22 3 1442 901 
13 24 344 131 
28 8 1819 583 
24 17 203 680 
27 25 994 1063 
14 30 466 874 
21 16 877 742 
1 2 225 481 
26 1 1715 1004 
16 7 486 455 
14 25 1956 173 
11 13 446 1018 
29 21 667 790 
12 26 634 684 
12 14 601 575 
7 14 1292 858 
7 2 1351 821 
8 21 1707 492 
15 14 492 743 
26 13 495 938 
3 3 1002 979 
29 16 802 142 
29 19 1356 579 
25 14 1419 175 
16 16 1744 780 
28 24 300 905 
8 2 1834 840 
14 14 1902 752 
16 17 589 297 
3 12 1591 241 
1 4 1963 956 
17 26 834 162 
3 22 582 802 
16 28 1588 696 
29 30 1087 246 
13 28 341 1100 
6 16 587 731 
27 3 205 933 
6 20 1163 563 
15 29 454 628 
21 16 939 254 
13 26 748 293 
25 12 1560 269 
9 2 1226 1016 
17 15 1434 407 
17 6 1294 233 
25 14 1923 964 
13 27 1338 102 
4 10 236 332 
27 17 1811 903 
28 2 998 299 
3 2 445 679 
16 18 745 235 
16 24 1030 311 
30 19 501 922 
15 5 383 928 
7 11 1750 301 
27 20 1819 496 
21 12 1351 463 
5 18 721 549 
28 10 926 899 
25 28 203 638 
17 24 1092 325 
21 24 1320 569 
4 20 1392 358 
9 13 1070 160 
16 21 968 1004 
9 23 429 879 
2 1 963 596 
28 23 413 125 
17 16 670 534 
10 1 552 359 
12 29 1723 637 
11 26 452 445 
16 1 927 1002 
23 3 1527 128 
25 30 350 253 
15 30 1535 135 
8 10 1284 769 
2 7 1346 1083 
5 9 1481 359 
4 27 722 661 
19 26 980 143 
20 10 1954 918 
1 6 702 172 
28 30 1858 727 
1 27 1608 244 
3 17 1901 441 
18 22 1897 907 
10 24 1569 901 
11 13 820 437 
22 25 1953 611 
22 7 792 665 
29 27 1030 1095 
24 11 1982 836 
20 20 1930 999 
3 7 372 675 
22 5 1598 865 
17 22 1740 424 
8 11 1558 645 
18 3 625 205 
30 1 920 999 
3 28 1972 117 
10 11 1975 1037 
17 9 1576 197 
13 30 1504 455 
22 17 348 550 
27 2 1591 149 
5 14 1206 592 
14 5 331 814 
24 11 1936 928 
13 19 616 362 
27 6 1061 511 
27 1 1347 819 
17 26 543 334 
28 20 912 440 
25 10 998 985 
6 6 1882 115 
8 7 1050 220 
25 14 1998 867 
11 11 1215 907 
11 21 719 457 
8 17 989 586 
6 13 1465 748 
22 8 1398 315 
5 29 1167 364 
5 25 825 1060 
30 6 219 807 
16 18 1102 779 
30 2 1739 165 
18 1 1862 523 
6 8 1583 123 
15 21 798 153 
20 17 570 434 
3 10 1455 848 
15 25 1744 284 
13 18 468 699 
12 8 980 980 
30 29 1714 956 
6 5 425 486 
26 23 1633 258 
1 30 905 1064 
9 21 1245 234 
7 28 380 347 
15 7 1670 377 
14 25 335 154 
15 22 1441 487 
27 25 304 738 
17 30 908 737 
30 11 1130 737 
23 28 1622 570 
25 20 1036 917 
18 2 1854 210 
19 5 1321 969 
18 15 1057 854 
9 22 1618 394 
21 16 1413 522 
27 5 1245 930 
24 18 541 697 
29 28 1632 1052 
21 28 1112 203 
24 14 771 781 
28 10 1771 478 
23 6 1485 811 
21 8 1730 559 
4 20 723 974 
7 29 920 493 
18 8 512 115 
27 30 649 771 
13 4 235 556 
13 2 1221 578 
7 14 664 1006 
21 26 1720 791 
7 17 1877 158 
16 11 400 467 
18 8 1352 239 
29 4 1519 384 
7 3 1532 603 
5 13 655 868 
26 17 621 667 
4 12 911 698 
28 7 572 172 
17 1 982 395 
30 24 742 274 
27 19 304 226 
21 13 1849 901 
17 6 752 1022 
23 3 1717 272 
14 5 565 520 
3 25 1003 1045 
25 29 485 606 
23 6 1434 317 
24 5 1905 492 
17 4 1029 349 
10 4 491 982 
29 30 1565 832 
26 14 989 902 
9 7 1667 334 
5 13 460 570 
19 7 644 125 
11 19 313 516 
15 17 1122 515 
12 2 1252 304 
2 3 633 447 
9 20 995 736 
18 16 949 929 
29 5 1446 850 
12 16 1002 210 
5 28 1694 331 
14 15 376 174 
17 4 1411 380 
6 24 728 847 
5 14 1298 727 
30 17 558 934 
21 9 1405 895 
25 23 1446 758 
20 10 1887 1044 
24 4 1450 891 
7 22 590 148 
15 9 1483 507 
22 1 1599 217 
17 17 446 675 
18 21 1330 292 
14 22 809 752 
23 2 1784 642 
5 15 609 129 
6 13 1003 425 
21 23 1715 266 
24 25 409 863 
11 18 1064 116 
9 16 1580 900 
7 24 502 690 
25 19 1375 759 
3 1 974 192 
13 15 1157 588 
7 3 485 381 
19 23 245 1100 
10 10 1382 181 
17 11 578 691 
5 1 243 699 
11 6 761 590 
28 20 782 882 
4 16 1710 662 
10 11 1727 995 
25 3 1075 347 
5 28 252 978 
1 21 1608 1039 
13 12 1616 780 
9 6 1586 665 
26 3 1406 764 
18 21 1558 831 
24 25 338 403 
19 25 659 535 
23 4 1337 184 
24 11 470 489 
23 5 1756 700 
3 18 1212 717 
20 15 220 362 
28 11 1159 596 
27 24 1592 841 
18 20 1136 494 
23 5 1882 866 
15 4 1384 1011 
1 24 882 726 
11 12 1361 762 
27 1 758 171 
3 28 1838 223 
21 11 957 218 
22 27 589 492 
1 4 1172 110 
29 25 735 552 
19 19 310 616 
22 28 1117 152 
21 24 1016 801 
22 14 593 410 
17 3 1015 391 
29 30 1093 189 
25 26 401 423 
13 24 309 928 
4 4 1113 491 
2 25 635 946 
19 22 1185 501 
5 25 724 314 
27 25 1301 1029 
24 18 862 632 
5 4 268 423 
27 13 1824 212 
17 22 1031 277 
16 22 1790 188 
13 12 990 462 
7 10 760 858 
4 18 672 731 
27 26 1769 232 
21 5 356 581 
18 19 1502 442 
10 27 250 1046 
10 19 1642 246 
30 17 1153 598 
26 29 1605 755 
17 12 284 1058 
29 6 1170 399 
11 16 965 733 
4 30 1667 872 
18 11 1386 200 
29 19 726 693 
28 26 630 380 
25 2 1628 625 
13 30 1752 867 
28 13 551 373 
28 12 445 889 
11 3 1186 376 
13 3 327 957 
14 19 647 995 
7 23 1613 146 
24 16 1785 798 
8 9 485 239 
21 14 1058 362 
18 22 1404 594 
24 6 1266 119 
9 18 1184 226 
6 13 632 459 
6 26 1397 373 
4 28 776 566 
29 19 1905 274 
24 2 896 963 
15 30 735 151 
6 24 1343 916 
11 4 1225 1047 
16 12 976 756 
29 23 219 1082 
21 8 573 337 
18 16 588 543 
9 11 489 403 
3 28 1933 984 
21 4 874 686 
7 15 478 261 
26 27 1958 1069 
20 8 1657 548 
15 27 522 914 
5 10 1067 829 
21 10 529 830 
7 27 674 566 
23 18 307 421 
2 26 438 483 
23 10 1471 592 
17 5 1518 623 
2 24 722 1080 
25 13 689 904 
22 7 1217 241 
4 4 1350 488 
13 4 1305 267 
30 21 499 284 
22 20 291 156 
24 7 407 452 
22 2 869 198 
6 16 1709 215 
22 5 1610 766 
9 3 1496 207 
6 28 1218 1075 
18 12 1092 756 
1 12 1475 790 
10 15 1326 928 
8 9 1268 956 
24 1 1481 1052 
27 19 410 395 
13 13 1315 614 
10 28 1678 699 
9 24 341 709 
28 11 672 480 
25 4 1679 1015 
12 16 256 365 
8 8 1837 467 
18 5 1155 751 
9 2 1897 942 
29 29 516 725 
15 10 1329 642 
20 1 1663 779 
5 17 699 204 
24 12 1762 157 
11 8 654 763 
4 11 550 238 
12 26 1197 756 
24 13 999 672 
14 22 1475 326 
22 13 842 537 
21 6 598 1051 
9 30 1597 655 
29 17 260 851 
27 4 410 913 
29 19 1950 761 
1 9 386 644 
22 8 233 619 
12 7 340 859 
12 26 994 412 
25 29 1387 148 
16 24 1341 218 
27 20 1572 626 
8 12 938 465 
12 27 1731 102 
5 12 1832 149 
18 8 1940 905 
3 2 1853 1007 
1 3 1347 932 
26 26 1800 375 
7 22 676 617 
26 22 226 501 
10 11 1732 484 
14 9 250 513 
8 15 1965 381 
17 16 1000 922 
19 22 1683 698 
9 26 1311 264 
18 19 1282 527 
2 19 1802 309 
29 4 406 824 
4 30 1962 252 
7 11 222 577 
18 15 1023 247 
28 8 1565 586 
3 1 1832 418 
11 17 1544 124 
5 27 946 940 
22 2 1290 583 
2 3 1626 291 
5 24 567 674 
30 14 1006 381 
13 1 671 470 
23 13 336 238 
30 12 1049 335 
30 23 412 671 
24 5 965 934 
29 20 1361 705 
13 29 265 1067 
4 7 1444 265 
8 24 572 691 
7 19 1873 492 
30 16 693 834 
8 29 468 1058 
25 5 976 372 
24 10 304 494 
8 28 1659 548 
4 10 1281 940 
3 11 976 673 
29 3 289 581 
19 7 1113 887 
27 8 842 637 
12 5 333 612 
14 17 1185 240 
6 27 1826 313 
6 5 1936 424 
7 28 1218 1035 
22 15 692 935 
21 21 573 1059 
28 14 816 643 
10 28 921 252 
6 8 1497 348 
4 13 918 649 
9 15 479 434 
4 18 1196 573 
24 22 1475 395 
12 30 1681 699 
13 14 834 507 
12 13 1572 1043 
12 4 1312 933 
17 23 1729 817 
7 18 1022 788 
5 6 983 345 
19 14 546 553 
13 18 432 1005 
2 22 350 288 
27 16 1160 785 
12 24 1380 767 
8 23 1142 763 
10 30 979 556 
27 3 279 995 
8 22 1907 1070 
10 21 779 890 
4 1 1640 911 
8 3 1060 707 
19 28 1700 1025 
21 14 1650 444 
5 8 369 393 
2 24 1890 501 
16 7 1695 1017 
19 5 1461 456 
5 9 382 412 
11 19 380 841 
16 30 1173 969 
5 10 515 109 
17 25 1595 713 
19 9 947 805 
15 3 356 580 
29 30 1900 365 
8 14 927 420 
2 20 280 724 
12 17 920 708 
26 20 451 553 
6 10 1725 162 
10 3 1482 438 
27 30 1368 1090 
29 27 1229 653 
10 9 1281 1016 
28 30 762 186 
8 12 974 333 
23 9 963 387 
10 4 374 645 
6 2 423 294 
2 8 1513 839 
4 30 1542 1015 
8 19 292 457 
10 27 899 763 
30 20 498 1071 
28 22 702 685 
25 25 1389 785 
18 6 531 540 
13 27 1589 379 
18 22 1676 319 
2 13 1805 667 
9 3 1745 416 
22 13 1089 921 
4 25 262 279 
11 17 1184 569 
22 29 1903 881 
25 19 1801 163 
10 8 1987 745 
12 4 1393 291 
28 23 1777 1040 
5 4 1028 511 
29 29 694 872 
8 25 872 486 
23 16 1279 167 
26 12 1645 346 
19 12 217 689 
7 13 625 534 
5 3 1672 419 
28 6 1105 799 
4 14 1333 237 
8 3 1079 827 
10 10 432 338 
21 13 563 710 
16 10 548 611 
22 5 1742 712 
29 11 1089 1036 
16 13 850 990 
18 18 1050 992 
13 15 750 607 
16 29 515 542 
3 13 270 604 
15 29 330 772 
3 5 739 804 
7 27 1767 279 
1 25 1990 783 
5 16 1367 124 
22 17 256 652 
16 3 1469 179 
7 17 1022 109 
7 7 1038 764 
3 26 1076 697 
15 6 794 983 
30 25 1198 586 
10 4 1339 971 
21 26 736 866 
28 10 1962 514 
19 12 1006 615 
10 27 274 827 
14 12 426 489 
9 6 418 760 
1 13 1995 196 
8 8 974 239 
3 1 792 707 
11 24 865 125 
27 25 1847 136 
13 11 1398 861 
22 16 526 365 
13 4 1201 678 
16 26 696 858 
25 9 1416 424 
9 14 649 696 
29 11 775 660 
5 2 674 877 
4 17 401 694 
24 13 1501 798 
9 9 1473 1059 
27 17 522 199 
25 28 250 864 
3 3 1871 206 
13 15 1575 323 
8 24 458 953 
10 16 312 234 
20 14 970 331 
14 4 1041 252 
21 6 1132 269 
25 2 1162 173 
26 30 323 958 
6 28 1646 726 
21 28 1373 278 
5 11 635 458 
16 10 1358 319 
14 11 511 929 
16 1 803 445 
24 18 541 260 
9 18 1216 497 
15 29 302 172 
18 2 1066 413 
12 5 289 965 
6 26 750 507 
6 27 1572 347 
20 30 964 617 
9 14 585 388 
23 13 494 1053 
11 9 1395 589 
10 5 1631 942 
1 2 558 404 
27 20 446 705 
17 22 1178 562 
13 23 689 1036 
28 4 350 1063 
16 12 628 763 
20 6 1378 442 
10 19 1348 913 
12 5 1739 1091 
25 23 1668 854 
7 1 608 647 
23 9 1344 344 
12 14 528 511 
26 21 872 850 
18 23 1305 515 
11 1 1870 606 
5 27 515 466 
11 7 1106 949 
8 30 870 119 
9 13 862 1070 
26 14 517 439 
27 24 1648 271 
17 17 813 548 
17 14 980 244 
10 16 212 952 
14 4 822 773 
4 18 807 185 
30 16 913 800 
30 10 1617 1018 
3 11 682 187 
19 17 915 697 
1 2 660 197 
9 13 1423 104 
16 13 1459 468 
30 9 552 650 
24 23 1278 443 
24 8 1950 762 
11 25 1270 965 
3 28 881 373 
29 27 1180 647 
9 10 348 888 
22 16 912 644 
24 4 450 307 
18 21 750 300 
28 26 509 976 
12 19 1450 424 
16 16 1843 293 
12 27 1452 411 
6 7 1909 807 
15 9 1280 810 
5 23 1436 221 
13 3 207 936 
28 15 818 368 
25 22 1764 1005 
29 14 505 610 
10 2 246 997 
8 9 1147 958 
18 7 921 969 
29 22 1905 192 
24 21 1442 779 
27 5 1734 293 
18 27 1322 986 
10 6 1287 508 
29 29 806 780 
8 23 909 930 
29 3 1682 647 
17 26 1962 781 
9 24 373 806 
21 5 1335 918 
1 17 1337 266 
15 10 1262 153 
1 18 1685 1071 
2 23 458 926 
17 7 819 966 
2 8 1355 113 
23 27 1844 164 
1 2 458 441 
10 14 633 738 
15 25 671 239 
4 1 497 434 
15 29 266 452 
5 5 1807 211 
4 30 401 190 
18 6 1989 886 
29 21 376 1010 
26 7 1861 167 
23 14 1248 292 
15 22 533 669 
21 1 1105 633 
27 18 301 759 
9 7 1227 575 
4 25 1964 387 
15 10 1906 424 
16 26 647 663 
10 28 539 886 
19 22 1116 833 
22 20 1486 421 
7 8 334 1008 
14 3 846 293 
20 9 1551 123 
18 22 562 978 
17 17 370 951 
14 2 1262 255 
23 1 697 990 
20 26 301 371 
3 23 1289 435 
18 27 1312 481 
27 29 1297 782 
20 7 740 342 
23 17 1753 141 
10 2 656 910 
2 30 548 987 
17 15 1747 305 
29 24 1578 328 
12 6 1934 269 
26 24 687 1070 
22 7 366 879 
23 4 334 915 
5 17 1255 375 
8 18 739 343 
2 11 1061 1024 
26 23 900 722 
21 21 1223 133 
6 12 1835 471 
18 19 1590 153 
22 7 1394 485 
16 21 1999 1090 
8 5 614 430 
15 13 595 346 
5 29 1726 729 
12 13 1599 491 
24 25 1897 1044 
13 17 1560 952 
16 7 1489 868 
27 7 1196 554 
11 15 1048 480 
19 17 554 344 
8 25 1781 469 
29 4 1746 143 
20 11 433 251 
19 21 946 934 
27 2 1213 587 
8 17 828 785 
23 13 1957 1022 
29 13 1380 443 
29 28 1546 335 
24 13 517 253 
15 20 810 667 
10 17 1424 789 
18 8 528 232 
16 7 748 1020 
11 29 855 911 
3 8 765 755 
27 6 499 786 
18 22 299 572 
11 23 1294 684 
9 17 481 239 
16 28 1248 733 
26 9 1559 403 
29 21 1505 542 
28 27 333 300 
24 13 526 1023 
27 30 1077 591 
22 23 1871 943 
9 19 1333 556 
17 7 871 669 
15 27 481 622 
17 30 1280 599 
26 30 1618 629 
12 12 1167 514 
3 19 1318 492 
3 9 852 1084 
27 1 1975 363 
7 7 1986 122 
3 10 644 678 
9 23 1821 877 
22 14 1683 237 
18 20 1749 292 
30 1 1004 883 
9 27 1242 315 
27 24 916 818 
22 10 235 687 
19 17 1994 947 
10 11 931 983 
25 12 258 998 
1 29 1863 980 
21 20 361 1086 
16 28 1544 842 
21 28 1455 844 
8 21 958 244 
8 16 962 588 
26 20 1448 1063 
1 27 257 849 
25 8 751 990 
27 15 401 429 
12 24 493 210 
22 30 567 363 
12 18 716 212 
3 14 1186 106 
26 20 339 415 
16 24 2000 943 
1 2 728 785 
16 6 1171 560 
21 2 1539 746 
23 2 939 1032 
11 24 1134 670 
29 17 1439 897 
6 4 797 215 
27 22 1171 226 
15 14 1954 1021 
11 2 1740 909 
25 7 814 831 
9 20 1461 986 
13 10 1011 254 
27 26 1133 515 
29 30 1185 335 
21 12 850 968 
25 6 1833 715 
29 14 619 833 
21 2 1391 115 
21 5 1600 782 
6 2 823 112 
19 25 515 969 
25 16 1638 1019 
19 23 1034 866 
21 15 1089 563 
29 29 611 791 
22 26 473 1095 
22 9 471 618 
11 28 1011 353 
22 22 1308 1077 
29 25 1370 294 
17 18 1278 330 
25 16 556 927 
7 5 1748 996 
30 25 1092 406 
3 23 409 173 
12 15 870 614 
7 3 664 849 
19 17 1131 749 
27 6 1629 943 
22 27 1767 936 
1 13 1752 703 
7 3 1901 618 
25 15 1090 193 
30 1 793 1019 
25 4 526 735 
13 16 1900 241 
21 26 1587 303 
22 17 1386 819 
29 24 1206 937 
26 18 1049 507 
25 10 1539 670 
10 3 1637 543 
29 6 1316 378 
21 17 959 827 
12 9 422 810 
25 14 1806 512 
7 30 1987 750 
18 15 1667 255 
25 23 1158 414 
25 23 1266 178 
28 29 748 992 
15 21 486 961 
29 12 1812 781 
25 30 1400 875 
30 17 869 1041 
2 7 1286 183 
29 22 1026 1013 
14 4 1212 258 
3 2 1057 116 
15 12 217 469 
24 10 219 351 
10 26 446 814 
5 4 290 738 
10 12 1317 590 
3 27 1287 460 
23 14 1472 193 
15 9 720 724 
20 6 1731 380 
15 23 915 808 
10 17 1429 290 
20 8 1831 180 
19 25 1679 632 
14 27 327 560 
2 8 1911 349 
16 30 1805 834 
5 2 547 1013 
16 8 962 407 
24 27 1321 662 
4 20 1120 561 
6 1 340 160 
19 17 591 483 
24 21 1372 894 
13 19 1011 314 
13 20 922 281 
27 1 1471 741 
19 24 435 906 
5 26 1541 114 
18 17 910 554 
25 28 1761 369 
19 9 1292 334 
19 6 1658 344 
26 13 229 1078 
5 27 1946 421 
12 4 1140 831 
21 26 1293 1036 
4 30 750 1037 
27 25 1480 395 
25 8 599 667 
13 30 1784 156 
4 18 1566 114 
14 1 320 743 
26 19 726 1072 
6 12 329 127 
11 22 1502 1048 
16 26 1253 215 
25 13 1468 843 
4 12 1847 471 
29 4 527 264 
26 19 938 200 
7 24 1062 1038 
5 14 902 931 
28 25 1516 797 
12 20 850 774 
24 21 1995 400 
24 26 1692 341 
22 22 1765 774 
10 8 1684 339 
1 20 1172 693 
25 9 1770 792 
25 18 1890 1098 
30 3 904 633 
15 24 1492 545 
11 28 1742 279 
20 7 1190 718 
14 10 1263 1007 
29 3 1034 992 
4 6 247 173 
16 3 616 346 
27 22 1303 730 
15 2 970 1060 
30 30 226 369 
28 29 1870 775 
30 30 1873 786 
2 11 1812 261 
17 11 957 1059 
5 20 627 238 
4 20 1216 114 
22 4 1010 1024 
25 16 568 692 
14 1 545 416 
30 12 863 601 
22 29 1372 482 
1 22 1319 185 
12 6 211 180 
26 13 1993 1054 
16 21 1517 603 
6 13 1965 977 
5 18 1385 281 
29 3 1389 998 
23 25 1509 135 
9 27 797 1065 
2 1 1545 312 
13 3 1392 957 
23 1 563 389 
13 7 1687 879 
25 30 1502 885 
24 3 439 948 
27 17 312 536 
5 27 1817 1057 
19 3 606 161 
6 5 1946 101 
6 5 1160 107 
12 16 1372 1098 
15 24 324 370 
26 17 1830 992 
25 24 703 1009 
12 27 1181 900 
21 20 1074 757 
17 7 1296 366 
3 1 740 716 
16 12 987 914 
5 15 1005 741 
1 14 713 906 
29 25 1628 133 
13 18 1082 761 
30 26 1019 912 
2 4 1086 836 
4 21 1744 333 
2 26 1640 455 
10 30 1888 459 
14 5 1929 843 
21 10 895 594 
20 16 1401 309 
3 25 1363 773 
29 24 550 994 
14 15 1662 479 
10 21 1343 946 
20 18 806 328 
22 9 493 572 
10 4 1493 944 
20 11 1846 348 
28 26 882 279 
11 1 1638 620 
7 15 485 676 
27 21 1637 681 
8 10 783 237 
18 23 955 172 
27 7 491 575 
17 10 1077 526 
6 30 1052 594 
22 12 1482 234 
26 17 1551 873 
7 2 1885 215 
11 9 1761 373 
2 12 636 781 
18 10 1925 752 
19 17 1703 965 
17 2 432 666 
13 3 1217 860 
20 25 773 520 
26 21 349 922 
29 19 1007 609 
30 18 1563 397 
27 15 1102 245 
2 28 928 295 
29 2 1886 383 
5 20 1051 1028 
14 2 580 1037 
22 26 478 816 
15 17 1288 942 
5 22 261 306 
29 3 1418 603 
30 17 897 137 
18 1 1270 1092 
21 10 1686 413 
11 24 711 706 
19 12 836 1061 
29 1 1843 153 
14 29 987 722 
1 3 823 457 
11 3 1628 322 
4 18 997 822 
27 24 1011 325 
17 24 393 408 
27 20 1994 842 
20 14 739 282 
12 6 1660 353 
8 10 1244 949 
12 20 1035 652 
7 24 1371 417 
18 11 829 676 
4 17 1694 575 
28 15 217 466 
28 19 1490 237 
24 19 1610 352 
20 14 1448 342 
3 23 627 1036 
16 8 1034 733 
10 27 915 660 
13 21 1316 243 
5 4 437 851 
23 23 496 880 
4 14 1530 380 
27 24 766 594 
16 24 731 1001 
23 16 1227 451 
12 16 208 194 
29 1 1348 152 
5 28 1424 1011 
12 6 1998 975 
20 26 1392 867 
20 7 1822 470 
30 11 298 688 
26 8 594 398 
15 20 1957 382 
13 15 1295 612 
4 18 217 943 
24 30 1158 1037 
26 5 1472 1072 
11 2 769 855 
5 15 1208 266 
22 1 1742 201 
12 10 1910 926 
24 10 1466 626 
27 6 862 925 
6 9 1119 397 
13 12 244 820 
5 1 1804 1013 
15 3 1861 186 
3 5 1895 849 
14 6 1830 270 
7 9 1153 458 
7 13 1785 854 
21 6 538 731 
9 2 348 147 
24 26 1339 1080 
20 6 1502 289 
2 15 1604 986 
20 27 1617 427 
27 24 1959 717 
7 11 868 207 
8 1 1628 222 
24 15 1942 668 
2 5 811 416 
3 29 1611 752 
14 2 658 312 
20 17 265 693 
11 25 1831 400 
5 9 797 908 
9 24 1630 121 
8 19 1364 700 
16 13 1705 397 
11 27 1625 925 
29 8 1591 131 
24 1 1437 733 
25 7 1389 588 
15 15 1334 796 
8 30 1988 342 
10 20 1361 172 
2 1 1603 190 
27 23 494 352 
22 16 908 264 
16 22 1630 1023 
20 20 213 156 
26 2 201 558 
23 19 913 185 
1 3 991 908 
3 28 1428 786 
12 26 1378 341 
11 4 1688 295 
17 4 1781 183 
23 20 499 625 
13 12 1578 476 
23 8 1058 138 
10 8 1773 141 
6 14 433 303 
1 23 474 942 
18 29 1220 639 
2 11 1183 537 
22 4 1775 918 
8 1 477 326 
8 5 1380 779 
13 29 1121 351 
4 20 904 340 
4 15 1149 931 
5 27 1747 663 
29 12 1181 957 
7 9 1180 1026 
10 22 1744 462 
27 10 1498 1036 
9 13 689 619 
2 13 983 942 
20 14 559 529 
10 28 1343 235 
1 27 776 713 
27 5 853 410 
26 9 942 604 
11 16 940 562 
28 23 1438 995 
28 21 720 1046 
4 7 318 544 
26 7 1264 790 
3 25 941 483 
21 28 1991 319 
29 3 1710 258 
18 28 656 866 
12 10 266 293 
1 17 1181 614 
15 11 396 561 
17 28 545 789 
15 20 1022 202 
18 29 864 136 
2 19 1860 520 
8 4 551 925 
5 16 891 756 
24 28 404 973 
8 15 1195 861 
13 5 1500 631 
17 30 1279 851 
28 28 1984 1035 
16 18 1409 517 
13 19 1723 138 
27 14 440 485 
12 20 1664 778 
4 20 547 897 
17 16 1224 251 
7 11 273 932 
8 30 1802 916 
17 18 1648 703 
7 23 1909 526 
29 12 206 461 
1 25 820 814 
7 9 1701 905 
16 22 1230 1012 
2 14 1779 405 
13 13 1653 834 
1 5 736 150 
19 17 322 489 
21 28 1617 824 
15 30 573 876 
30 5 468 560 
18 21 888 275 
26 17 1052 938 
30 9 767 492 
5 30 1748 398 
8 4 1886 507 
1 11 1405 490 
2 19 1474 493 
15 1 978 993 
13 6 428 363 
23 28 1413 892 
6 10 502 410 
1 8 1476 392 
3 10 984 1058 
12 8 1328 962 
19 6 1160 916 
29 27 348 540 
25 22 1037 912 
12 1 1274 782 
3 10 771 293 
9 19 1828 645 
28 1 1074 561 
30 14 285 414 
12 26 464 624 
22 1 607 567 
14 14 1618 559 
7 15 1565 568 
16 6 921 459 
24 28 921 181 
20 1 1208 346 
6 11 807 311 
6 19 1761 986 
19 22 1533 1075 
27 28 467 839 
5 22 779 871 
19 20 1423 993 
17 1 1223 966 
23 28 1122 698 
8 22 614 681 
2 9 809 823 
30 6 1841 610 
3 24 812 274 
7 29 664 345 
10 24 1604 577 
24 21 1574 861 
18 9 1648 556 
22 5 1603 420 
13 23 529 264 
20 10 222 1086 
25 18 2000 198 
8 1 1735 633 
24 14 1144 291 
4 28 291 457 
28 24 760 243 
20 22 1622 498 
7 9 303 987 
10 19 1858 1049 
28 23 427 160 
23 14 1316 1009 
19 19 865 1083 
8 5 1508 762 
28 6 917 146 
19 27 1882 593 
5 9 1146 261 
27 22 431 1025 
14 29 1534 111 
4 6 1403 418 
16 2 472 445 
6 4 1556 740 
9 13 1554 340 
10 14 559 405 
22 26 806 1001 
9 6 216 960 
27 9 1765 969 
6 27 1188 186 
28 12 808 879 
15 26 1317 846 
1 5 777 571 
18 9 1379 372 
26 3 609 819 
8 20 1467 550 
21 30 1914 814 
26 23 840 738 
27 29 1103 738 
17 3 301 158 
8 13 526 554 
13 8 273 544 
10 12 560 676 
1 5 773 325 
26 14 552 429 
7 9 238 773 
30 13 1228 188 
15 14 1395 537 
26 11 870 465 
10 18 1305 147 
21 16 1243 1036 
12 25 774 832 
9 12 1158 393 
12 2 1390 359 
14 27 232 319 
11 11 1238 655 
13 12 869 1079 
21 18 847 304 
25 2 1894 653 
18 26 970 839 
29 24 1320 171 
17 24 1820 1095 
21 15 377 793 
25 1 1786 890 
4 9 1895 586 
19 3 1662 528 
26 10 494 977 
28 23 1374 842 
16 24 877 225 
18 17 1057 467 
1 13 426 542 
5 11 1214 624 
20 15 1421 683 
17 10 456 162 
12 30 1446 970 
22 17 1562 420 
10 16 672 777 
2 17 1868 319 
30 17 336 103 
20 12 725 576 
26 18 1025 304 
20 19 1346 696 
19 16 1220 559 
2 4 1874 203 
19 24 524 998 
11 2 464 307 
18 1 1456 337 
4 22 713 563 
2 6 1469 443 
25 25 1387 212 
10 13 1455 450 
8 7 890 910 
22 12 1059 602 
13 13 1793 294 
5 14 1762 273 
27 28 1165 864 
25 15 1013 447 
9 6 441 235 
18 21 758 167 
19 19 1032 504 
1 5 1727 157 
9 12 1175 319 
25 18 1958 433 
15 10 1920 434 
24 5 1008 428 
10 26 747 556 
8 2 826 482 
20 4 1821 297 
30 15 507 320 
26 13 1244 703 
30 3 789 327 
12 28 1999 1052 
24 18 1774 653 
13 16 1599 486 
17 5 257 127 
30 27 690 843 
3 18 1735 725 
1 20 1474 486 
22 20 1800 954 
9 26 1209 599 
13 4 1937 1043 
11 26 1081 757 
22 7 403 832 
25 11 748 758 
21 18 281 685 
29 12 474 623 
1 1 770 1035 
18 12 1750 728 
7 22 755 1020 
9 15 213 135 
13 7 361 196 
10 1 1255 557 
10 6 513 758 
9 15 984 385 
8 2 308 977 
13 4 693 621 
25 25 1433 993 
1 17 1222 210 
23 15 280 135 
7 9 988 545 
6 26 1156 399 
3 25 1282 143 
26 6 832 886 
9 26 523 524 
12 6 972 715 
22 23 1682 731 
29 30 925 495 
30 7 371 816 
24 10 541 238 
4 29 1067 993 
4 29 1062 407 
24 7 340 957 
5 28 1621 494 
20 19 367 230 
10 16 1368 1018 
14 11 1076 852 
20 12 202 1082 
10 13 242 195 
3 4 1399 320 
2 24 285 887 
21 17 741 161 
5 1 1390 870 
16 19 1444 676 
21 16 1707 868 
27 14 511 141 
26 1 1977 465 
26 5 426 641 
28 2 281 472 
10 2 408 261 
3 25 636 470 
13 8 1290 591 
23 20 830 523 
3 15 387 403 
7 25 1979 734 
21 18 1604 1052 
11 30 978 1052 
24 11 1234 584 
5 27 720 269 
26 11 740 526 
30 23 1360 497 
7 27 206 174 
22 7 1853 602 
25 29 798 465 
20 12 860 943 
14 3 900 222 
22 11 1442 372 
21 14 411 676 
7 16 952 415 
13 3 890 633 
10 3 1237 284 
23 13 1196 292 
24 22 1937 178 
25 1 612 699 
11 27 1713 142 
11 20 1058 316 
6 11 272 456 
13 9 792 927 
3 25 1803 927 
7 23 1801 1058 
14 30 407 652 
22 8 1204 576 
27 23 1590 865 
12 7 919 186 
9 27 426 923 
27 6 1697 380 
1 28 1666 666 
20 22 1001 886 
13 12 916 522 
12 15 1750 524 
7 22 360 651 
21 20 1227 211 
8 21 557 1043 
26 9 1723 284 
28 10 1237 1013 
23 7 363 560 
19 11 1110 867 
18 29 989 345 
12 4 471 1061 
15 7 1509 156 
27 4 624 853 
4 19 1822 691 
20 26 748 312 
2 4 1722 1034 
14 9 765 382 
29 1 1521 532 
4 4 954 435 
10 4 1723 509 
8 11 689 609 
22 21 1009 161 
8 12 1694 369 
15 23 1892 902 
23 15 272 527 
16 29 642 682 
3 19 794 932 
15 30 1813 116 
2 5 1386 1003 
17 19 398 291 
1 2 1729 512 
16 14 1759 687 
21 18 503 981 
8 28 478 154 
17 14 579 149 
13 21 1266 700 
25 21 485 344 
2 16 897 924 
9 19 360 200 
25 27 711 746 
14 6 1824 275 
4 5 1015 1008 
19 12 1444 987 
2 1 1828 1086 
13 28 995 997 
5 15 1947 781 
3 29 530 738 
25 30 1963 701 
28 22 310 1055 
27 26 1259 405 
7 21 910 677 
13 6 1467 691 
3 14 1657 742 
28 29 1906 945 
27 19 1847 808 
10 30 936 672 
21 2 426 922 
27 16 1767 905 
6 14 1617 355 
19 20 1112 283 
3 27 672 430 
17 23 855 1017 
3 3 912 443 
2 30 639 237 
1 23 939 418 
1 8 316 1036 
13 9 1078 950 
28 4 1423 732 
30 7 619 224 
21 28 1840 256 
1 1 529 144 
30 21 1543 164 
5 23 721 687 
30 8 1664 489 
16 10 1592 697 
13 30 509 673 
6 2 1374 824 
29 24 1619 358 
16 29 1288 479 
11 22 412 653 
14 29 1811 1020 
28 14 1358 960 
15 25 489 296 
24 27 1447 946 
28 3 1268 441 
26 12 668 776 
3 23 1245 314 
6 6 1513 181 
26 2 949 654 
7 8 1126 185 
2 7 1100 984 
3 10 1034 1051 
12 10 495 580 
21 17 1954 956 
1 9 722 350 
6 9 1954 339 
2 9 1764 624 
8 14 447 498 
12 9 428 632 
10 11 1213 697 
12 5 959 744 
14 25 1323 627 
25 28 1445 768 
6 27 503 462 
28 16 680 772 
21 29 654 293 
29 30 860 255 
10 25 1597 978 
22 8 1136 504 
2 15 1993 122 
12 20 773 238 
16 10 577 256 
18 7 1461 825 
5 21 576 504 
21 30 793 539 
25 30 1463 380 
7 19 1429 821 
3 5 287 692 
24 6 298 759 
8 14 1781 639 
20 29 265 1046 
20 25 470 340 
25 29 1781 606 
28 5 563 598 
15 29 971 696 
3 7 550 336 
12 20 724 424 
3 17 1621 313 
8 29 1134 444 
15 3 1678 754 
1 20 206 183 
17 6 612 165 
4 5 1671 809 
11 15 603 773 
4 28 900 464 
6 21 1348 140 
11 3 965 225 
28 28 1619 899 
18 7 766 872 
4 10 1839 680 
6 5 888 641 
20 14 310 664 
3 30 953 859 
20 8 1977 989 
2 13 1151 416 
11 27 1443 384 
25 12 1237 377 
22 2 1577 341 
7 3 1892 669 
8 10 1400 688 
9 28 907 900 
5 21 1221 430 
26 13 580 483 
10 29 1836 606 
11 23 556 219 
24 21 308 1006 
15 8 1732 1091 
17 25 1010 968 
22 2 832 546 
14 18 1979 401 
1 5 776 862 
4 14 1260 633 
28 21 646 688 
11 10 1120 1095 
10 28 1112 605 
22 2 1118 553 
25 27 347 249 
6 1 1681 693 
6 28 1751 661 
4 4 365 178 
24 4 748 983 
5 3 1273 913 
30 22 225 1013 
15 22 786 604 
10 24 1338 367 
24 22 1216 1036 
20 19 1696 1036 
14 18 1389 439 
21 13 1540 402 
15 7 1499 587 
20 10 1517 386 
1 4 466 404 
27 18 948 588 
1 7 926 406 
17 8 1191 724 
25 11 1942 154 
23 23 662 395 
22 3 1272 174 
13 29 1611 576 
24 24 669 213 
3 1 982 381 
29 11 1280 671 
10 11 1847 454 
21 6 1174 950 
28 6 450 485 
8 6 1869 687 
4 12 391 600 
27 23 1822 735 
15 25 483 220 
6 17 796 563 
19 4 604 345 
9 14 1012 244 
11 29 350 153 
4 6 985 510 
9 8 988 641 
22 26 1103 292 
13 20 663 1048 
29 7 1588 545 
10 27 755 482 
10 22 857 752 
21 29 624 809 
4 14 1465 786 
14 2 725 764 
19 4 1621 291 
24 28 1485 708 
26 26 1833 921 
22 25 338 849 
17 5 513 173 
3 27 1355 451 
3 20 573 977 
13 18 631 414 
22 22 1758 781 
20 4 726 597 
21 5 1812 900 
22 9 910 543 
13 23 843 345 
11 3 800 362 
15 15 517 369 
3 2 1108 183 
15 22 1561 190 
17 27 1838 165 
1 6 627 406 
14 19 1578 606 
11 2 515 655 
5 9 243 1002 
23 22 1819 805 
15 27 379 640 
18 9 541 815 
5 27 1076 616 
2 25 1404 409 
13 16 1255 1039 
17 28 1265 257 
6 30 1551 821 
21 30 290 520 
26 17 448 375 
17 28 805 679 
16 23 1914 412 
17 13 1697 399 
28 4 893 873 
23 26 1945 844 
26 20 938 926 
11 17 1329 441 
3 8 265 178 
5 1 951 776 
15 5 1405 1027 
17 28 1226 465 
23 27 740 977 
22 1 668 544 
20 16 1685 274 
2 29 1285 386 
6 28 647 450 
20 2 1302 349 
6 10 1646 820 
29 9 1481 286 
27 24 1186 749 
25 26 1354 1036 
3 5 881 739 
3 16 631 222 
6 21 673 732 
22 13 1321 462 
22 16 1739 751 
16 14 1026 704 
8 15 448 989 
2 10 1653 657 
6 26 1560 138 
4 13 536 866 
26 29 501 1030 
11 15 977 879 
1 30 693 485 
5 30 1743 860 
6 3 1878 987 
12 18 1463 157 
13 2 263 134 
7 14 1265 100 
12 19 457 566 
25 7 669 432 
28 3 1090 1068 
2 14 1680 965 
16 25 888 397 
12 9 1860 112 
11 4 666 834 
9 9 1035 832 
19 11 1079 141 
10 23 1413 482 
25 24 1173 914 
29 21 755 677 
15 16 1585 539 
24 12 1601 1005 
15 10 1847 931 
19 5 711 391 
8 20 931 922 
4 26 1990 865 
19 30 1998 596 
20 18 952 1012 
3 1 811 545 
12 21 1513 711 
1 9 1994 1028 
6 7 721 1016 
18 5 1865 894 
30 11 1911 745 
10 12 1175 362 
29 4 216 385 
4 12 1336 193 
25 15 615 1007 
16 6 880 668 
4 5 1549 222 
9 29 1472 480 
1 15 1781 893 
26 6 209 691 
1 23 1561 708 
26 2 743 768 
8 27 496 684 
24 18 1151 1011 
15 29 1113 612 
19 13 968 253 
20 18 492 1033 
15 6 355 632 
28 22 947 601 
15 27 360 1003 
24 27 1189 728 
6 20 247 779 
10 7 728 1057 
11 5 897 945 
14 23 1846 944 
28 29 1347 833 
12 22 422 708 
18 23 1830 152 
11 25 1599 154 
6 1 233 837 
7 24 1453 313 
20 7 1139 939 
21 15 1198 770 
5 3 1869 148 
24 15 571 479 
30 30 1542 421 
17 9 1600 345 
9 22 1206 743 
15 26 1091 1042 
24 16 1903 501 
30 19 260 127 
22 28 239 333 
13 23 1521 457 
22 16 1748 919 
16 15 1431 1037 
6 12 1466 886 
30 8 914 1056 
23 13 1199 960 
1 14 810 110 
11 28 788 321 
20 22 1442 141 
29 23 1126 915 
29 8 1250 783 
19 1 1717 931 
9 15 1013 665 
19 15 343 983 
28 15 1734 1094 
12 29 1079 279 
20 24 1896 133 
8 12 326 289 
19 9 460 597 
9 16 1480 623 
22 3 1708 168 
9 30 299 379 
14 6 1317 791 
4 11 493 906 
5 19 1672 570 
30 26 1105 489 
4 10 306 903 
25 9 1314 647 
3 28 829 446 
27 29 1177 1063 
26 12 1360 322 
15 29 858 906 
17 16 526 407 
11 23 924 217 
25 18 1650 888 
18 13 1048 675 
10 27 1897 207 
17 29 1737 857 
3 18 1306 758 
16 24 548 791 
1 10 802 424 
25 4 1269 309 
14 16 326 1003 
29 9 752 816 
6 4 1728 1038 
25 19 1775 698 
6 13 423 484 
28 9 860 479 
10 24 1369 608 
27 29 1867 661 
15 5 1795 590 
13 15 309 567 
10 15 626 285 
25 11 947 541 
16 12 320 308 
12 5 1075 691 
20 16 479 1046 
7 1 379 418 
5 20 881 505 
26 4 548 563 
19 12 1373 966 
14 30 1202 1007 
12 2 1995 704 
28 12 1760 930 
19 1 1251 597 
1 26 1709 259 
7 15 990 1096 
19 23 650 298 
4 28 1485 640 
28 30 1220 558 
23 25 1678 390 
28 29 1869 808 
21 7 939 589 
2 18 1282 289 
2 5 1024 827 
28 29 1711 292 
26 13 614 909 
4 10 1759 338 
26 30 1017 935 
20 21 1678 374 
19 12 980 580 
21 14 1456 267 
18 13 1606 891 
3 6 743 247 
10 9 1643 335 
10 11 1101 635 
10 22 1723 685 
4 22 893 122 
3 5 377 973 
18 30 269 655 
12 3 832 523 
30 11 270 728 
20 21 849 319 
2 19 1915 850 
2 16 622 298 
29 15 560 621 
20 6 1020 228 
5 24 1748 540 
18 30 1304 977 
2 29 409 402 
12 7 762 949 
17 29 1239 352 
7 22 429 672 
7 23 1289 634 
28 14 1709 527 
7 12 1070 523 
3 13 739 661 
4 27 1358 1052 
25 20 1923 804 
10 1 508 919 
15 3 1210 459 
26 2 977 1090 
16 23 1440 507 
4 17 724 203 
22 17 1113 105 
14 10 1761 652 
29 17 1786 743 
9 30 909 485 
25 12 806 695 
5 12 1963 926 
5 4 1780 711 
13 17 1532 538 
26 29 1393 364 
8 26 1011 990 
12 10 1303 619 
2 4 687 283 
7 17 1030 423 
29 16 649 1097 
20 18 633 197 
27 21 1332 948 
11 8 1356 777 
3 21 1777 843 
23 26 1597 355 
21 21 533 489 
30 1 847 1030 
16 23 612 489 
3 7 1678 688 
20 24 1835 414 
1 25 356 996 
7 30 1392 544 
17 9 1003 989 
29 16 540 500 
8 19 1981 860 
3 30 753 330 
29 10 1479 882 
25 20 1345 895 
14 2 1590 964 
24 4 945 540 
12 17 1765 914 
24 19 643 497 
7 8 1852 302 
30 12 996 587 
13 15 316 455 
4 7 328 923 
1 28 909 335 
23 24 1929 635 
10 26 472 144 
14 19 1485 753 
18 19 214 596 
22 11 222 391 
25 26 1739 971 
25 28 443 305 
17 21 244 1042 
14 26 1649 372 
21 24 237 1039 
12 13 1777 186 
23 22 1743 185 
24 20 459 509 
7 21 502 670 
10 30 1416 381 
20 18 955 412 
14 24 1989 139 
18 20 1722 603 
2 30 684 631 
13 4 224 295 
15 17 1454 792 
30 9 823 1072 
30 22 1144 896 
10 8 1786 654 
24 23 1189 698 
4 2 1145 870 
1 27 846 393 
22 12 1065 838 
21 12 1040 785 
12 1 1195 449 
23 23 1858 362 
30 25 1291 486 
17 9 397 156 
10 10 1596 740 
28 22 639 185 
26 3 1709 122 
6 3 1180 1036 
4 30 1756 983 
22 23 472 204 
17 10 1987 554 
18 15 1049 659 
16 17 1847 192 
8 21 486 744 
23 30 1542 612 
2 28 928 815 
28 8 353 246 
30 24 920 698 
3 22 1310 380 
28 18 285 252 
26 23 531 1050 
5 23 836 958 
22 30 974 292 
27 5 1723 678 
4 3 1965 184 
19 20 1245 328 
3 13 1478 1100 
22 4 778 955 
18 12 1900 480 
4 2 1202 858 
1 9 1242 980 
5 13 567 137 
15 1 1756 680 
13 4 725 732 
8 10 904 595 
14 24 352 357 
28 20 385 926 
14 16 1814 587 
25 3 536 143 
15 8 388 445 
30 22 958 1093 
25 1 673 926 
10 1 1201 1096 
16 22 1526 458 
4 22 534 755 
7 7 979 868 
9 25 659 314 
24 12 965 648 
25 28 1057 413 
20 21 930 341 
21 27 964 701 
19 21 1846 335 
12 8 1968 767 
6 21 716 143 
15 16 1964 491 
19 2 823 1094 
22 11 1435 972 
1 21 1378 688 
18 8 902 1036 
20 20 1419 149 
27 2 824 823 
22 6 459 179 
14 26 1698 703 
28 20 300 903 
30 15 425 536 
6 7 610 562 
6 6 725 214 
25 14 1840 272 
15 13 1518 576 
19 22 1077 594 
17 2 1807 214 
21 8 1848 707 
22 29 1591 252 
27 22 423 754 
27 6 894 259 
19 6 1311 754 
18 19 840 699 
10 26 670 882 
19 22 980 528 
29 9 1770 788 
29 17 319 402 
30 3 1222 1043 
1 14 1264 903 
19 12 1362 325 
22 28 1936 858 
15 16 1439 675 
7 12 884 609 
20 26 244 345 
4 1 1610 187 
3 9 1328 817 
22 29 1266 742 
3 11 332 226 
30 2 1066 837 
18 5 1707 264 
16 13 1710 491 
30 21 800 1085 
21 28 1446 259 
28 11 1706 1083 
2 15 339 490 
25 10 1451 557 
12 27 1459 650 
23 30 1591 376 
4 26 461 170 
8 11 807 406 
30 11 815 652 
13 14 1318 150 
28 10 1336 351 
12 4 1738 380 
30 27 503 183 
26 18 681 917 
14 10 1605 190 
21 7 312 606 
17 15 931 984 
28 7 430 493 
9 11 385 329 
14 6 789 1000 
24 16 531 279 
25 3 421 504 
5 27 1322 488 
3 23 439 270 
29 6 939 509 
5 11 1168 296 
22 3 1310 314 
8 19 1367 598 
4 21 896 845 
16 14 1242 976 
10 10 1566 758 
24 3 765 220 
9 7 851 1036 
17 12 205 853 
14 10 1256 121 
28 28 1926 453 
11 9 1329 855 
14 1 774 424 
2 12 1011 427 
14 25 237 850 
1 16 399 801 
19 12 1923 702 
13 27 1410 553 
24 11 349 299 
19 28 229 137 
20 27 1793 423 
8 20 735 527 
14 16 1220 394 
23 23 1975 381 
26 14 1132 1052 
10 11 1354 993 
21 26 1810 227 
15 20 882 265 
8 25 708 726 
14 3 1879 572 
10 25 1880 310 
9 29 796 1080 
5 2 764 1009 
12 14 658 149 
1 22 870 589 
3 17 329 497 
11 5 1614 595 
7 15 1988 447 
2 27 526 1015 
18 20 528 251 
13 10 1391 304 
16 28 1956 944 
11 24 1858 241 
11 11 525 806 
15 9 1125 962 
15 2 1753 870 
21 6 344 562 
18 7 1458 930 
9 17 323 492 
6 30 356 145 
24 15 526 1038 
25 12 1092 927 
20 28 879 161 
22 19 1459 1082 
17 13 222 169 
11 9 1177 1047 
17 8 1501 811 
8 27 863 559 
11 6 971 629 
17 17 1782 813 
7 19 269 445 
7 26 403 292 
30 19 927 1076 
19 19 331 792 
26 17 1753 935 
5 27 280 907 
2 26 1727 938 
13 16 1495 852 
4 21 897 363 
9 8 211 910 
18 11 714 255 
29 23 1829 901 
1 21 1654 351 
17 27 1624 1059 
23 29 601 206 
14 17 1452 818 
7 6 1237 147 
5 12 1797 807 
14 8 569 650 
22 20 1901 485 
2 30 425 986 
26 21 866 703 
19 7 858 481 
23 26 1972 203 
1 28 331 826 
2 4 1109 668 
12 6 560 478 
18 8 508 270 
7 26 718 921 
16 17 524 801 
24 23 864 764 
19 14 1330 840 
4 19 350 466 
14 17 1894 745 
15 21 765 124 
20 20 1218 597 
15 2 915 210 
19 15 994 1002 
7 15 543 504 
21 24 421 335 
12 5 1852 415 
13 14 1631 940 
27 7 1931 108 
26 2 590 196 
3 1 221 151 
7 20 734 990 
26 19 1500 986 
12 27 782 1031 
23 12 1497 486 
26 18 1440 153 
24 21 631 199 
22 18 559 769 
10 28 302 125 
17 29 720 642 
9 20 579 662 
16 21 1311 1007 
2 18 1231 836 
28 27 1821 1063 
18 9 806 306 
18 28 721 979 
25 8 1419 392 
6 17 618 770 
6 27 736 677 
9 12 1271 389 
21 8 1134 643 
4 1 732 762 
9 16 395 942 
5 8 1230 178 
7 12 531 607 
28 23 1463 163 
20 25 1658 274 
28 12 938 450 
19 13 301 743 
13 20 239 206 
5 26 1729 484 
25 15 1608 947 
18 15 1042 116 
8 28 1628 122 
14 18 1755 237 
21 30 326 363 
12 11 671 380 
1 18 833 1056 
5 19 664 683 
3 19 1937 294 
25 3 1811 293 
22 28 947 800 
7 12 1415 545 
3 30 1270 460 
2 19 495 411 
6 10 956 591 
28 10 514 672 
20 8 824 1047 
2 30 1814 146 
28 3 1578 970 
6 29 621 1080 
20 27 1304 538 
7 3 416 463 
4 19 239 675 
20 30 248 1035 
29 19 933 882 
11 5 1822 849 
30 5 1126 384 
25 17 1922 371 
6 17 438 904 
12 11 1577 588 
21 14 853 410 
5 23 1386 854 
4 15 282 1012 
12 9 1475 453 
6 29 1764 1094 
16 11 1760 478 
20 10 1270 1089 
12 24 499 840 
29 15 1645 794 
29 20 746 870 
26 22 1787 184 
1 11 1400 595 
10 16 1071 140 
18 10 537 481 
11 6 835 401 
21 6 906 175 
12 17 627 133 
28 12 984 422 
4 10 1821 166 
13 9 1784 445 
16 27 845 204 
29 12 334 770 
9 8 814 280 
13 7 1174 706 
24 9 1420 796 
12 29 1130 368 
30 6 267 754 
6 24 1777 426 
13 8 931 987 
11 2 1397 590 
2 3 849 1022 
10 27 1153 953 
27 25 202 427 
15 5 1603 539 
10 16 1833 117 
2 26 1690 319 
4 11 1311 353 
5 4 1440 320 
7 11 481 349 
29 10 937 525 
26 30 561 448 
26 17 1609 755 
24 25 1161 963 
20 21 602 830 
2 15 200 1028 
19 29 1300 277 
2 5 410 716 
7 17 1869 796 
8 27 817 322 
5 11 1000 589 
5 25 530 757 
15 28 1018 211 
13 5 1862 1019 
3 29 963 165 
4 24 649 1054 
2 12 1665 154 
30 6 1250 828 
16 18 314 619 
4 13 310 745 
11 20 256 172 
24 14 1911 960 
13 15 1477 386 
30 1 537 895 
12 11 1393 396 
9 19 1150 798 
6 12 713 460 
25 17 1006 431 
6 27 330 129 
11 25 1258 849 
1 5 839 325 
5 30 1819 991 
10 22 985 1054 
2 29 1930 822 
11 23 402 569 
9 9 1408 1078 
5 3 1871 786 
19 17 268 1005 
22 12 472 751 
3 1 383 453 
14 19 327 941 
10 17 589 699 
1 5 752 257 
13 30 265 579 
24 15 409 595 
24 14 916 1057 
18 15 399 979 
15 3 1671 933 
14 8 885 507 
16 3 434 873 
29 11 1668 850 
2 7 1153 939 
21 12 995 862 
18 11 1002 921 
25 6 1307 796 
8 2 1906 423 
1 9 1075 585 
3 8 471 175 
10 25 1078 367 
1 21 1024 697 
25 24 1618 680 
4 8 1272 599 
5 7 1754 949 
30 24 1499 499 
24 14 1851 601 
13 23 1527 375 
17 20 496 821 
10 30 690 520 
23 10 602 116 
9 28 382 848 
5 12 776 219 
27 26 892 668 
1 17 1641 856 
9 16 1461 185 
5 30 1881 498 
21 9 1576 857 
10 30 1845 175 
28 23 839 1099 
26 25 599 431 
12 28 1083 1024 
14 1 1621 276 
16 23 844 1037 
14 19 881 742 
20 11 1027 231 
10 3 2000 881 
25 16 1012 457 
10 3 1898 111 
30 29 1095 574 
29 21 647 857 
5 13 1742 843 
23 5 1243 408 
15 1 1578 774 
3 11 420 1032 
27 15 1850 982 
17 27 1425 974 
17 14 1289 118 
26 24 585 1002 
6 9 286 435 
6 23 782 607 
16 12 1635 384 
15 21 1136 645 
27 22 1643 1000 
11 11 421 663 
16 17 458 827 
2 9 402 265 
10 4 209 559 
27 21 1914 424 
3 16 450 886 
28 12 1927 651 
25 10 1503 737 
20 23 1067 1082 
1 3 1597 391 
12 3 1777 510 
7 13 1489 292 
3 6 1881 945 
21 18 1558 763 
21 15 324 515 
17 22 1560 961 
7 19 864 540 
22 3 480 720 
28 24 1818 876 
28 3 1211 552 
8 25 1417 404 
4 2 1227 795 
8 3 1523 1082 
16 13 480 731 
24 16 329 996 
11 13 339 811 
29 15 1098 823 
9 14 469 174 
30 15 586 473 
16 28 381 453 
30 28 1711 990 
11 22 1360 300 
29 11 650 716 
23 10 1290 455 
16 24 295 216 
7 18 807 131 
2 29 1202 671 
18 27 983 990 
25 24 738 537 
7 13 1063 538 
23 23 1316 358 
2 27 1007 807 
21 12 1685 698 
30 2 1871 598 
22 25 1517 355 
13 3 1151 706 
18 2 309 239 
14 8 387 187 
30 17 1417 134 
6 17 727 135 
29 2 1141 524 
26 22 1597 398 
8 29 1696 1045 
23 26 710 1097 
27 6 1038 227 
13 15 255 1066 
23 6 421 667 
14 28 817 1097 
29 13 1036 501 
4 21 1395 1036 
11 20 1822 868 
7 4 521 956 
9 30 1418 987 
14 6 643 958 
3 22 1294 202 
11 2 947 207 
14 12 243 310 
24 27 1987 435 
8 28 1752 104 
23 4 1623 788 
3 15 1393 689 
12 2 738 104 
15 23 1310 560 
24 2 565 711 
6 21 1009 517 
10 13 984 435 
2 24 1789 374 
28 24 1262 797 
30 1 1665 1080 
24 19 1498 619 
11 29 653 743 
30 22 545 332 
12 25 1791 904 
7 20 1062 579 
6 6 923 287 
22 10 1765 1029 
3 7 754 593 
17 1 1205 127 
29 21 799 971 
12 9 1387 776 
4 20 725 587 
2 19 821 411 
17 25 722 1015 
26 8 553 377 
7 13 383 145 
14 3 434 317 
16 26 765 857 
4 19 910 906 
30 10 537 788 
20 2 1357 796 
26 29 1301 1035 
29 3 1420 812 
7 10 714 158 
4 8 898 396 
25 17 845 172 
27 11 1840 569 
12 19 648 787 
20 18 687 959 
8 12 1288 912 
6 30 1217 580 
9 21 1020 993 
20 9 615 615 
17 22 1698 495 
2 1 235 1056 
20 20 905 615 
7 5 370 829 
16 5 1373 392 
4 28 1851 782 
18 10 852 1004 
10 21 612 376 
12 25 1258 354 
18 10 233 345 
30 25 1759 660 
29 6 1589 822 
10 30 1412 1095 
27 27 975 786 
28 29 1497 915 
11 3 1310 640 
19 3 1714 412 
13 30 576 401 
16 17 1053 658 
14 5 1603 683 
4 15 1960 491 
11 12 1452 178 
2 16 1943 518 
10 23 1893 306 
26 29 1957 283 
20 6 396 537 
14 11 1874 1084 
15 6 1405 163 
20 16 1009 268 
19 27 319 902 
13 13 1397 870 
6 3 357 490 
23 14 1821 613 
19 24 1051 202 
26 3 1198 897 
9 16 1146 337 
1 5 865 503 
1 18 271 1042 
23 14 842 915 
8 22 900 460 
5 25 668 300 
18 5 290 474 
8 12 1789 466 
27 19 941 146 
23 15 1069 810 
24 28 1882 141 
3 16 1275 989 
29 16 1714 472 
10 7 1611 529 
11 10 391 188 
21 30 329 614 
18 20 1556 279 
4 17 325 107 
6 14 1856 739 
21 17 559 265 
25 20 365 971 
26 16 381 698 
25 30 1448 248 
29 9 372 703 
28 3 613 646 
11 18 1480 202 
23 1 1109 117 
10 3 940 642 
22 29 520 799 
14 27 1172 195 
18 7 1722 514 
7 4 370 321 
6 26 1121 977 
6 7 782 993 
29 16 563 599 
18 18 986 891 
16 8 1719 716 
26 17 543 602 
24 11 1658 200 
6 16 1495 607 
3 13 711 129 
19 4 894 572 
11 30 432 239 
9 4 1933 812 
3 30 951 941 
16 12 629 592 
14 24 829 854 
1 18 385 850 
30 3 1480 724 
6 22 1851 638 
13 28 407 842 
23 24 1780 853 
23 5 1439 541 
8 17 1655 814 
3 1 1855 694 
18 7 1808 135 
9 23 315 689 
14 1 1061 740 
20 9 1968 518 
25 15 590 126 
12 5 1074 1057 
14 10 838 586 
2 9 1198 677 
15 30 1980 240 
22 2 1554 1061 
2 26 1669 774 
4 2 1071 450 
16 30 1577 363 
26 7 1186 418 
8 15 252 100 
23 10 1154 516 
9 19 1738 473 
20 5 1127 413 
30 19 1136 872 
20 26 1640 352 
17 13 635 368 
11 29 1161 518 
5 12 580 586 
21 18 1965 130 
28 9 1957 572 
5 16 658 957 
26 21 1249 587 
16 12 1014 882 
16 2 1244 213 
22 2 1959 928 
13 12 1367 542 
21 1 1616 676 
9 6 1582 489 
13 30 1624 284 
20 27 1663 144 
1 30 1655 493 
24 18 649 656 
11 18 795 471 
21 24 1744 788 
16 26 641 277 
23 7 1314 774 
6 27 1202 1057 
16 9 416 309 
1 5 1858 604 
15 27 1676 145 
14 10 1670 371 
26 20 1892 364 
8 19 1140 675 
17 16 634 987 
5 8 1536 886 
9 24 1002 885 
28 19 586 611 
15 23 1414 471 
25 16 1284 553 
28 7 1641 1027 
17 2 314 1048 
10 30 1769 988 
30 19 1793 423 
12 21 1741 117 
9 1 291 279 
15 19 307 845 
26 6 963 881 
4 26 1431 306 
27 15 1289 480 
14 17 1338 365 
5 13 449 802 
25 19 1115 491 
11 20 1404 835 
8 8 766 322 
5 16 1397 794 
11 21 755 524 
5 11 495 736 
19 15 1969 942 
20 4 1371 239 
23 30 1207 276 
19 19 569 774 
26 16 652 531 
1 23 1504 208 
5 25 875 1076 
6 5 540 667 
20 11 959 1042 
14 30 1204 498 
29 1 1063 345 
11 4 1462 551 
19 19 979 802 
3 11 854 250 
6 14 575 660 
18 26 341 398 
6 26 283 564 
18 21 488 1013 
13 23 1168 572 
19 22 413 347 
2 11 1407 293 
21 30 1831 1084 
13 3 1419 401 
29 8 1007 767 
25 28 1764 1004 
10 30 1015 1021 
14 6 1284 281 
28 19 624 1012 
21 26 482 242 
25 12 1077 169 
15 2 1122 743 
1 20 1390 165 
17 21 1622 897 
20 2 297 482 
8 29 1883 882 
9 13 1081 546 
30 26 757 748 
7 5 1059 401 
29 14 1040 653 
4 1 1653 484 
21 21 1350 747 
22 22 549 513 
20 8 520 362 
12 18 427 815 
13 25 516 170 
21 11 1643 324 
17 24 1685 844 
24 1 1545 573 
13 22 364 356 
14 19 1804 764 
26 18 1829 185 
27 8 1644 748 
2 28 1875 181 
9 18 1230 340 
12 26 1435 285 
19 28 687 391 
12 9 464 867 
19 6 399 908 
15 17 1017 142 
25 15 1296 542 
13 13 1806 719 
1 27 1797 524 
22 4 949 320 
23 16 207 683 
17 21 1177 903 
18 23 1050 285 
9 16 1481 128 
23 14 1963 671 
19 14 1926 753 
2 15 279 355 
10 27 1898 843 
5 11 260 1001 
2 1 1355 561 
23 20 479 974 
27 8 792 941 
14 22 641 1047 
28 1 1676 119 
7 9 1222 157 
27 23 1353 1005 
3 13 1013 642 
5 14 1012 329 
25 11 304 877 
18 22 467 936 
6 16 956 674 
9 27 513 898 
5 21 1754 727 
13 30 1430 904 
4 21 1904 966 
4 17 1254 215 
27 23 1108 143 
15 3 1730 818 
11 30 893 860 
27 20 271 718 
10 15 1686 609 
6 10 1964 852 
22 9 1568 196 
17 19 561 1009 
12 15 1257 660 
10 16 1090 223 
16 26 1509 155 
7 8 1178 444 
23 28 277 541 
29 20 871 116 
28 29 651 524 
17 11 889 982 
17 20 495 801 
5 27 1147 538 
22 6 279 979 
14 27 973 548 
24 6 998 779 
26 23 454 757 
21 30 1037 1037 
2 22 1228 628 
11 26 353 363 
22 20 295 194 
18 20 1319 455 
16 10 654 756 
7 14 606 201 
7 8 645 667 
29 21 1345 657 
4 29 701 501 
24 14 899 869 
26 18 231 1057 
7 15 924 540 
24 16 1243 300 
29 27 293 960 
26 16 265 914 
28 17 705 393 
15 8 1522 452 
21 21 1900 375 
8 26 1012 282 
3 30 336 159 
15 4 847 843 
22 26 980 536 
3 9 825 1071 
26 2 213 140 
9 1 1269 393 
21 16 1565 727 
11 24 703 247 
24 30 644 1000 
25 2 583 297 
19 7 1800 508 
7 20 497 472 
13 15 253 818 
7 5 1906 913 
20 23 1919 438 
17 18 1182 1034 
9 19 991 210 
20 6 1616 737 
4 27 1747 852 
8 13 1026 327 
19 21 1368 281 
17 12 1348 974 
27 4 1492 535 
13 7 355 361 
25 6 1582 480 
3 25 1187 254 
21 6 1421 134 
18 17 1337 476 
7 18 950 841 
21 10 1630 625 
13 22 652 904 
29 26 1480 843 
24 1 1932 444 
17 13 812 1046 
10 15 285 993 
1 4 1315 553 
13 21 679 226 
30 16 1638 217 
7 24 1992 704 
12 7 1741 779 
7 18 403 156 
23 15 295 809 
21 8 755 602 
3 28 351 668 
19 15 845 930 
22 5 1108 136 
20 21 1951 207 
20 14 1462 584 
2 27 590 1067 
3 15 272 497 
15 29 276 1056 
19 9 1411 392 
15 17 1887 196 
13 30 1060 452 
12 21 1657 479 
5 29 590 527 
17 21 1624 625 
5 21 407 710 
12 2 278 732 
2 5 683 606 
13 13 790 803 
4 11 468 431 
1 12 945 576 
3 26 831 745 
8 28 569 784 
11 26 1454 639 
20 4 525 586 
8 2 692 186 
6 5 1988 944 
15 16 1287 835 
19 2 358 119 
20 20 465 985 
9 23 804 703 
19 8 827 218 
11 28 1329 910 
29 11 717 164 
15 28 1366 208 
5 30 905 268 
23 2 1653 353 
21 7 947 816 
29 23 1643 994 
30 18 1720 839 
15 28 1225 417 
8 26 1879 783 
15 15 1095 348 
6 11 1637 265 
5 9 1453 402 
15 16 1100 145 
30 10 1271 1072 
19 21 1718 808 
10 28 976 1090 
23 1 1578 450 
7 5 1361 994 
8 21 1196 1024 
29 9 1010 388 
24 6 600 848 
7 15 1051 306 
27 29 1188 722 
26 11 239 627 
11 7 283 278 
4 27 1661 775 
18 6 920 730 
6 3 1106 503 
8 22 1772 647 
28 27 1110 990 
26 3 1231 534 
13 15 253 189 
13 24 884 774 
21 29 1017 112 
26 1 1764 939 
4 19 1808 527 
2 13 751 268 
2 22 346 111 
24 6 1652 620 
12 24 1862 719 
17 20 1791 175 
18 28 795 927 
28 5 276 977 
23 28 405 1034 
3 4 1977 802 
25 29 551 1021 
5 30 1356 1042 
15 12 897 738 
24 20 267 1074 
17 12 751 630 
8 14 875 751 
12 24 1076 219 
27 23 933 925 
21 8 1787 195 
29 23 237 185 
26 4 1512 1093 
23 12 454 803 
15 29 1646 1007 
13 27 1201 842 
20 21 1477 961 
13 7 910 294 
14 5 394 144 
19 14 740 781 
18 7 1145 304 
11 8 593 1074 
6 23 951 257 
11 14 1339 442 
4 15 544 338 
21 10 685 203 
14 15 327 863 
29 30 421 593 
29 16 1888 968 
23 25 1901 784 
17 25 1964 526 
8 16 249 360 
23 8 1083 179 
18 29 490 795 
13 14 1949 629 
5 16 729 979 
1 11 231 326 
27 20 489 379 
6 25 1444 779 
3 4 1248 231 
11 4 1445 230 
2 13 548 637 
26 29 725 955 
6 10 1118 373 
12 20 1714 751 
9 15 1072 304 
10 29 282 201 
2 11 513 100 
14 18 1037 934 
1 6 717 872 
4 13 631 974 
14 5 1889 262 
24 17 1823 525 
2 23 605 454 
13 10 965 963 
20 3 521 902 
20 4 1979 276 
10 28 1460 809 
10 9 377 899 
5 11 1423 392 
28 12 1135 1050 
4 20 555 369 
21 28 1709 812 
30 24 931 194 
28 21 1312 938 
18 6 1898 218 
14 30 598 348 
3 29 1520 234 
10 21 631 333 
2 26 1566 392 
23 4 1549 829 
27 20 1614 997 
2 30 237 130 
5 1 1152 728 
30 4 1475 268 
2 20 1573 450 
2 18 725 206 
5 5 891 465 
8 1 1148 729 
12 18 649 586 
9 17 1784 325 
17 1 492 570 
4 20 332 221 
1 9 1314 747 
18 23 685 338 
27 5 888 170 
5 13 1381 1094 
22 24 1334 315 
11 12 419 264 
12 26 792 630 
7 21 1154 475 
29 12 279 779 
26 20 1869 556 
24 11 1076 409 
15 22 1053 832 
15 8 491 484 
20 8 700 1057 
25 2 654 1012 
14 4 1762 217 
8 2 1882 294 
21 3 1763 628 
13 17 1262 380 
30 7 1306 1093 
14 5 880 388 
4 20 1986 265 
14 25 509 422 
21 29 559 1058 
22 12 1520 1063 
14 22 348 1043 
9 12 811 621 
18 15 1293 459 
11 29 791 398 
18 5 632 782 
22 2 1802 183 
22 20 737 503 
1 6 790 799 
20 12 501 904 
23 23 1434 1030 
29 3 859 841 
1 27 1391 782 
2 24 1102 523 
17 30 1729 184 
19 10 1788 352 
7 23 1340 662 
26 2 406 889 
16 4 686 484 
28 21 1224 876 
18 27 1816 841 
12 9 1223 946 
30 12 1866 241 
13 12 1305 812 
4 20 749 285 
13 5 549 322 
8 12 1584 477 
2 8 725 1021 
26 23 956 486 
23 15 1874 241 
26 17 784 877 
28 28 1162 155 
17 9 507 577 
5 21 876 972 
24 12 919 986 
11 25 272 857 
9 26 1223 443 
11 23 1273 334 
9 23 1489 733 
20 8 1062 1084 
8 4 316 834 
16 13 1174 1051 
24 9 1079 117 
3 30 1947 267 
26 26 1518 1023 
10 24 593 756 
8 14 287 134 
21 21 1699 1100 
24 11 933 978 
15 9 1679 338 
17 4 1717 1068 
25 17 1548 727 
12 22 481 475 
7 26 830 1022 
9 24 1723 401 
6 1 1131 439 
11 4 216 945 
13 23 1377 805 
18 2 1868 945 
18 28 1330 860 
19 24 1379 402 
11 19 1657 150 
4 7 1354 1018 
7 21 271 460 
25 22 1226 918 
6 2 848 775 
3 4 1550 849 
2 20 860 765 
5 14 1956 980 
25 12 913 841 
19 7 795 380 
19 29 912 476 
13 28 1905 453 
22 14 260 615 
17 29 1373 533 
10 24 1281 792 
29 12 584 1084 
23 25 450 175 
1 3 652 262 
24 1 1636 614 
20 11 753 142 
24 1 964 598 
29 10 303 532 
25 25 520 179 
28 4 1973 591 
29 4 264 216 
6 12 437 778 
4 18 1059 930 
20 17 373 856 
17 14 483 256 
23 9 518 396 
25 28 1423 930 
2 30 879 224 
3 10 331 708 
21 6 1214 208 
15 1 1998 744 
17 9 650 348 
22 5 1783 112 
14 25 1564 1053 
14 15 766 113 
6 1 1377 660 
10 2 1907 280 
7 21 727 1093 
13 20 1199 1015 
29 23 213 587 
27 3 1998 215 
19 1 342 266 
7 29 733 926 
29 21 1816 495 
22 13 1793 833 
25 3 775 555 
22 17 200 435 
9 13 1228 1083 
16 11 1184 971 
11 22 221 553 
12 21 1278 592 
11 26 468 850 
8 5 539 530 
7 14 841 103 
30 13 648 272 
25 3 1655 507 
13 16 1787 163 
29 25 1906 366 
15 7 1862 1066 
24 25 334 292 
29 30 1697 430 
5 1 1607 971 
13 18 389 479 
12 13 1723 558 
20 28 1210 800 
23 8 322 220 
14 23 1867 219 
9 3 679 1095 
25 8 815 402 
9 4 278 514 
13 11 886 1096 
15 13 1666 794 
10 1 792 571 
8 18 337 774 
2 8 1808 381 
2 4 995 478 
11 5 354 862 
1 3 227 900 
5 27 1408 413 
1 7 829 360 
29 6 1762 165 
15 10 1110 1081 
9 14 1333 100 
9 28 1935 1058 
24 28 201 394 
22 7 1035 913 
26 27 1055 652 
3 29 727 292 
4 24 1892 218 
3 23 1367 487 
29 14 1547 167 
11 3 1877 652 
1 10 1355 1048 
8 18 589 814 
14 1 272 589 
29 26 234 167 
11 14 565 798 
29 21 981 395 
5 22 983 780 
24 13 780 371 
14 23 1011 771 
2 1 717 849 
24 14 1855 501 
1 9 1098 280 
22 3 1168 340 
15 25 673 514 
16 3 1579 289 
15 20 1076 727 
4 8 722 422 
30 3 590 453 
8 12 933 302 
20 6 980 630 
8 28 1847 819 
14 22 944 894 
16 12 1677 799 
23 7 1970 887 
6 29 544 1023 
23 12 950 569 
23 4 262 260 
9 12 615 132 
1 12 452 153 
26 16 542 661 
19 24 1737 524 
23 13 323 326 
11 20 357 825 
1 15 1103 222 
10 18 1240 638 
29 30 396 539 
11 1 1231 891 
8 21 606 177 
6 25 711 370 
7 3 859 1027 
15 26 1526 839 
10 22 825 1074 
9 23 305 244 
22 9 1882 241 
10 6 1422 229 
18 6 1043 820 
30 17 1661 1024 
11 6 1287 143 
1 4 1672 442 
25 15 1133 601 
7 5 1655 215 
13 3 477 691 
30 20 306 645 
26 27 693 988 
13 27 673 439 
2 6 1667 495 
9 11 426 744 
17 10 1667 837 
14 11 834 165 
13 11 1648 629 
23 24 1850 1079 
20 13 1120 252 
9 25 1453 336 
22 9 400 118 
19 1 759 1018 
10 14 1172 297 
16 16 1667 233 
19 25 994 531 
18 14 1215 841 
18 29 532 668 
15 14 275 600 
22 24 293 848 
24 15 538 531 
20 10 545 203 
26 25 1925 371 
11 19 983 1037 
24 19 1450 328 
9 25 1720 267 
30 18 492 523 
12 4 856 457 
18 6 1009 662 
15 14 1837 602 
30 30 1212 428 
18 6 565 1054 
16 11 468 520 
27 12 1535 776 
30 7 924 854 
10 15 1984 493 
12 4 859 572 
18 22 394 624 
21 19 1748 940 
16 19 654 356 
30 3 940 117 
15 11 368 1081 
9 14 1641 264 
20 20 1055 789 
16 16 1557 1061 
7 1 1818 272 
11 22 1015 342 
10 17 1047 988 
19 7 937 279 
17 2 888 191 
15 13 1768 1075 
25 1 1009 172 
16 16 810 1077 
9 28 891 1078 
19 9 927 784 
25 4 1083 981 
10 9 1561 876 
2 5 1140 778 
18 7 876 923 
8 30 585 569 
8 8 355 717 
5 10 863 155 
18 3 901 336 
6 26 513 972 
27 22 1704 792 
26 29 864 892 
5 1 787 190 
22 12 562 788 
19 9 992 428 
11 24 827 352 
26 6 1328 102 
23 24 757 1077 
15 25 858 801 
23 28 1758 220 
20 22 1024 639 
4 3 1039 910 
3 21 895 685 
14 29 1005 311 
26 26 629 552 
19 15 754 265 
1 21 408 503 
18 18 495 1056 
2 10 1559 250 
4 3 1061 902 
23 1 1105 543 
21 13 1733 429 
30 6 1904 342 
13 17 651 495 
8 29 762 991 
9 15 1949 266 
16 25 577 183 
19 7 581 866 
7 4 1268 851 
8 14 1888 286 
19 2 865 998 
10 3 720 995 
2 9 407 599 
15 11 1223 401 
5 8 616 896 
14 3 1119 870 
29 10 1664 276 
15 7 666 984 
8 4 1948 528 
29 15 1257 975 
23 21 582 129 
1 3 1752 573 
2 15 268 585 
17 11 1432 1073 
20 12 613 161 
18 9 1872 142 
4 16 1054 550 
22 21 702 898 
3 7 1536 502 
1 9 1696 754 
15 23 1157 402 
3 11 1225 191 
23 12 1846 471 
20 30 1331 240 
7 14 1134 627 
26 23 1469 440 
22 6 547 587 
6 4 516 107 
26 8 1130 731 
18 12 431 1082 
23 6 761 637 
5 30 848 489 
5 26 636 880 
11 26 1853 965 
23 2 889 629 
5 30 1512 617 
7 14 353 997 
17 7 1042 441 
4 21 509 1028 
12 14 944 889 
9 12 1554 484 
29 25 1838 174 
18 5 226 406 
26 13 1380 105 
18 16 1780 1038 
14 20 777 515 
3 1 1868 938 
14 19 711 393 
30 20 692 1056 
7 6 696 121 
10 21 473 549 
3 20 229 688 
27 24 367 892 
5 13 652 1075 
13 26 1796 912 
14 18 218 791 
29 17 1690 827 
23 3 532 855 
15 28 1844 320 
9 4 626 279 
19 14 1516 1078 
18 17 387 718 
12 10 604 245 
19 2 1768 768 
10 6 379 645 
30 26 1421 324 
23 30 935 758 
26 13 249 103 
19 27 287 654 
13 27 285 641 
28 28 600 831 
21 14 1085 382 
19 1 1634 1019 
27 11 1104 846 
3 17 1825 102 
22 10 1168 666 
29 24 1934 652 
20 4 1953 927 
2 12 277 578 
26 12 1217 543 
13 8 833 1065 
10 10 452 345 
19 23 501 860 
24 12 1217 401 
27 25 1649 470 
29 13 1587 179 
24 3 720 647 
14 27 240 1077 
4 2 413 929 
12 29 1340 876 
13 17 248 118 
20 19 1499 745 
5 6 1370 280 
10 1 355 537 
3 21 660 223 
17 14 1524 278 
15 21 453 731 
19 24 1192 767 
11 17 1183 527 
5 10 1267 1036 
15 22 1134 681 
22 4 297 813 
24 15 485 876 
28 5 675 853 
17 12 1637 671 
6 9 436 684 
25 10 1122 152 
19 6 252 179 
28 10 1061 398 
13 20 1256 219 
26 6 1979 587 
2 25 891 453 
7 3 320 470 
3 19 617 144 
28 9 686 395 
15 25 498 147 
26 5 1794 905 
16 26 1600 393 
23 19 622 680 
13 29 247 1096 
24 24 475 364 
4 16 1301 414 
25 17 1272 570 
3 26 1671 605 
22 25 1472 421 
13 10 897 114 
28 19 256 959 
10 30 1190 295 
23 11 548 644 
26 5 591 1061 
13 13 1707 901 
30 15 1361 158 
2 18 760 339 
27 13 1536 448 
24 14 1994 352 
13 15 960 311 
25 16 256 438 
12 27 618 1087 
9 6 1634 909 
20 29 790 725 
8 25 1040 792 
7 28 1032 559 
11 22 206 892 
29 4 924 586 
12 20 814 668 
16 21 840 829 
18 2 300 696 
22 28 746 448 
22 7 1637 582 
26 6 1520 718 
20 19 952 633 
15 10 1574 805 
29 21 821 538 
3 3 905 676 
4 27 1117 911 
16 21 1182 139 
20 10 1810 539 
16 22 563 916 
2 10 1762 546 
19 29 936 665 
11 27 814 104 
21 18 1137 657 
7 26 915 671 
8 19 1245 791 
20 1 1528 243 
22 22 325 712 
2 28 1535 769 
19 17 865 503 
5 26 1168 741 
6 19 824 589 
6 5 957 1054 
15 15 456 986 
15 11 1433 1090 
3 16 1690 163 
5 5 1972 898 
13 11 891 670 
29 9 1520 229 
19 28 1851 196 
25 1 1613 544 
8 15 749 842 
18 20 517 669 
5 16 1239 260 
20 27 1068 1031 
8 29 1461 844 
29 29 626 986 
18 7 1252 572 
29 2 1405 826 
9 9 1036 432 
28 1 680 641 
16 27 1750 695 
15 2 663 226 
22 15 287 589 
5 11 1122 1025 
9 9 315 640 
2 8 1244 1042 
8 24 924 545 
16 17 308 324 
13 7 730 913 
30 23 304 167 
29 22 656 346 
24 30 1331 643 
30 11 1183 604 
18 28 1330 131 
14 21 1199 944 
8 5 1945 219 
12 16 1782 497 
8 12 304 221 
25 17 287 1090 
8 16 293 549 
26 27 1714 297 
17 24 1612 664 
14 7 1226 942 
11 25 357 935 
11 25 208 214 
28 24 1514 683 
2 7 502 671 
22 19 325 558 
8 7 1057 612 
30 29 598 111 
27 26 1555 682 
13 4 1436 251 
21 13 974 401 
6 9 930 374 
8 17 918 557 
27 16 1943 831 
22 6 1760 521 
26 25 957 969 
21 28 1163 760 
24 9 1910 737 
21 10 508 173 
11 8 1368 613 
16 24 1062 1011 
9 30 682 205 
27 27 1119 837 
13 15 1303 693 
5 2 1916 272 
10 5 1116 1061 
7 9 1517 957 
17 25 1706 326 
10 25 443 251 
16 6 1520 608 
24 28 1871 554 
4 16 1236 914 
18 19 271 1069 
16 13 230 432 
22 11 330 588 
27 17 1548 848 
11 13 782 430 
10 16 646 291 
13 27 867 299 
4 30 1237 385 
19 26 389 976 
9 4 609 574 
14 16 1523 421 
2 27 623 539 
1 15 310 155 
22 22 806 372 
10 12 711 549 
3 18 776 887 
14 27 1547 969 
30 24 1673 939 
1 17 307 908 
5 29 1333 816 
13 11 1848 629 
25 19 699 311 
22 2 1048 423 
11 27 1085 1003 
15 6 524 555 
22 25 1812 597 
3 11 1566 325 
9 19 1662 496 
29 19 1035 191 
29 8 827 878 
1 19 617 827 
7 4 613 360 
1 17 686 316 
12 1 1017 479 
3 27 668 1070 
15 25 791 759 
6 17 1112 224 
16 30 787 706 
10 21 632 233 
16 14 1689 890 
23 19 573 426 
11 11 1865 195 
29 22 1229 549 
8 7 1631 1040 
23 28 1126 1048 
27 24 1729 1098 
6 2 1822 877 
16 6 1474 450 
16 3 1056 747 
13 11 656 580 
2 20 1154 164 
26 24 1496 887 
13 22 974 356 
7 1 1109 696 
3 6 1886 640 
11 6 600 538 
30 11 1693 663 
13 26 609 637 
15 22 952 418 
7 21 1577 904 
5 29 762 708 
21 27 1468 608 
24 22 1392 222 
27 2 377 195 
4 17 1449 139 
12 7 531 271 
28 30 740 752 
12 2 532 1074 
22 4 689 869 
23 25 980 454 
16 21 1357 427 
14 2 1028 455 
11 15 249 1011 
21 2 887 524 
23 22 483 786 
24 12 879 526 
16 30 1211 425 
16 8 1055 700 
28 26 1678 1058 
20 11 953 805 
25 21 1986 590 
22 23 1830 300 
6 15 1653 671 
27 21 1142 117 
12 8 463 506 
15 17 878 1079 
13 30 1986 991 
10 10 1968 330 
1 13 381 800 
27 21 1583 414 
27 7 1664 692 
19 12 847 812 
20 20 1574 286 
7 12 896 460 
11 14 904 887 
15 4 999 164 
8 20 1770 892 
10 26 1342 230 
24 13 1459 476 
25 8 767 806 
20 18 893 256 
29 16 1009 623 
21 1 483 368 
26 30 735 905 
11 10 1559 1051 
27 11 1923 905 
24 29 1545 804 
29 23 1044 109 
10 23 1626 420 
1 2 1586 446 
2 7 1035 607 
28 22 967 539 
23 4 349 497 
14 27 1188 230 
26 30 1471 790 
14 22 993 743 
7 7 1547 903 
8 9 587 160 
7 21 1215 124 
12 23 912 1064 
26 13 1878 1016 
9 22 1881 285 
21 16 811 834 
29 29 1082 357 
5 26 709 841 
26 28 1623 791 
18 6 1861 921 
29 13 1723 652 
17 15 339 352 
6 3 765 510 
10 10 1923 516 
30 2 306 253 
19 13 1491 1075 
10 18 776 152 
23 19 958 929 
1 17 1048 589 
1 9 1087 367 
11 17 299 374 
18 5 904 377 
28 8 362 962 
20 27 484 350 
14 22 791 702 
10 19 310 130 
27 3 964 493 
4 24 346 951 
10 24 1091 619 
20 29 1691 879 
6 12 784 659 
8 18 925 188 
9 10 1877 238 
20 8 1483 979 
3 10 695 521 
25 5 1866 384 
28 20 1544 353 
10 21 1869 464 
2 21 943 684 
8 23 214 123 
24 4 488 680 
11 1 569 1033 
2 1 1791 893 
5 5 1326 476 
16 6 1431 616 
18 28 1741 923 
19 25 869 790 
10 27 462 929 
22 6 745 921 
28 5 1215 459 
6 8 1937 806 
4 29 1698 135 
4 28 1525 516 
25 16 1986 326 
3 6 1121 629 
24 10 594 852 
8 13 439 947 
10 7 278 470 
6 11 1074 166 
1 25 1282 1005 
22 5 341 483 
12 10 1711 175 
8 27 1070 307 
29 29 1916 589 
11 8 1689 291 
14 19 1848 912 
22 18 337 486 
12 2 1492 214 
28 18 797 644 
19 8 1130 1067 
5 8 545 336 
6 26 524 843 
3 15 1749 144 
4 21 1439 502 
30 22 234 858 
15 9 618 345 
26 24 531 173 
1 4 1136 965 
3 20 1037 1056 
7 20 1954 323 
27 19 1856 798 
1 18 457 572 
1 7 1041 571 
8 24 237 968 
9 16 1500 492 
12 3 1880 783 
22 26 1312 543 
8 21 1492 760 
1 7 283 1100 
24 2 1357 225 
30 18 466 310 
11 11 1168 199 
18 10 1676 659 
12 17 1216 886 
12 18 293 981 
8 14 1286 189 
20 8 363 195 
9 23 1975 1008 
10 28 732 992 
30 8 1246 566 
10 4 1535 906 
20 4 1706 959 
21 15 517 367 
21 26 769 852 
3 18 978 841 
2 4 893 815 
23 10 1152 944 
18 30 835 487 
4 30 1978 550 
3 9 1364 132 
15 28 1880 627 
23 14 469 814 
1 13 609 964 
8 23 1283 1010 
3 13 609 759 
12 6 559 789 
27 8 432 1073 
8 15 1287 245 
12 8 1655 132 
21 25 490 918 
7 2 242 893 
17 27 1905 720 
9 20 1668 532 
18 7 1092 988 
6 18 462 584 
2 9 1436 514 
17 8 429 367 
3 13 674 640 
7 3 960 866 
29 13 1436 1086 
25 2 941 698 
30 29 993 238 
16 29 1489 818 
8 21 1743 310 
21 15 935 114 
19 10 619 333 
12 14 881 662 
18 3 653 410 
4 11 1308 1034 
9 2 1319 614 
30 23 1929 880 
6 8 638 737 
14 12 1654 882 
13 8 1596 357 
21 4 1827 323 
28 19 268 445 
29 27 1504 456 
28 9 953 193 
24 1 1954 159 
9 23 1787 576 
26 17 1681 670 
24 3 736 263 
28 3 1748 374 
21 26 1239 584 
22 28 960 815 
28 17 727 772 
18 17 1299 136 
1 26 492 806 
12 23 863 635 
17 19 352 1020 
14 18 365 1002 
13 2 471 674 
21 9 864 437 
18 14 1651 986 
30 19 1700 874 
7 28 1066 250 
12 14 1483 246 
3 10 1369 537 
19 9 588 1090 
10 2 1572 642 
10 4 1678 122 
18 9 1588 276 
20 20 1599 416 
10 19 1302 777 
3 4 1682 661 
5 5 1370 240 
13 28 682 150 
29 6 1625 558 
9 6 694 731 
6 26 708 918 
7 19 1523 410 
30 1 987 370 
26 17 1637 144 
13 15 998 159 
12 23 841 1083 
28 28 977 169 
25 21 1160 772 
8 26 1611 766 
15 12 537 452 
4 28 925 834 
6 18 412 1095 
24 19 828 302 
4 20 534 903 
17 9 1460 277 
30 7 534 1093 
2 11 288 965 
14 5 1759 736 
24 3 1418 992 
12 12 467 429 
23 21 1565 318 
10 30 1032 516 
9 17 697 196 
15 15 1286 784 
17 11 285 985 
15 20 303 288 
23 1 707 443 
5 14 1070 769 
4 2 736 555 
1 1 1627 262 
9 28 757 194 
13 6 1059 618 
8 8 1270 1096 
27 22 1856 316 
15 4 1910 540 
17 23 1123 682 
16 20 798 668 
20 25 711 1013 
22 24 1209 897 
21 5 856 360 
4 29 506 897 
21 24 736 452 
19 25 1133 861 
9 21 619 862 
10 18 1870 726 
4 18 1377 276 
3 16 906 1007 
12 29 247 134 
28 16 1151 885 
1 10 1875 875 
27 20 718 221 
10 16 1745 581 
25 14 1066 162 
23 20 1000 324 
27 28 1688 521 
19 7 562 1054 
22 22 765 582 
2 30 1526 236 
19 30 439 417 
7 6 762 856 
19 16 547 1010 
27 21 719 740 
10 29 1462 695 
5 7 426 592 
29 7 643 933 
6 24 1284 749 
16 26 1054 310 
2 12 272 793 
20 28 1854 217 
18 12 1230 726 
2 23 617 565 
29 8 558 448 
14 9 1731 1003 
24 4 1612 111 
30 2 1656 814 
13 15 242 568 
13 10 1728 740 
13 2 410 749 
24 14 1310 498 
21 20 1157 788 
28 18 1779 711 
22 26 1710 833 
27 22 1242 178 
7 30 623 243 
10 4 704 608 
5 29 1973 329 
12 2 1732 649 
14 19 1536 890 
7 18 282 759 
5 16 803 176 
29 6 1595 138 
5 9 841 861 
12 9 1235 1001 
7 1 1180 788 
25 14 1841 966 
24 13 1946 122 
22 4 1804 507 
11 12 788 255 
17 11 707 218 
19 12 1038 865 
20 22 1194 974 
23 3 1516 890 
16 13 487 373 
26 25 1277 809 
20 25 1514 134 
7 30 738 197 
2 28 539 888 
1 9 669 101 
30 26 1063 436 
20 11 1906 945 
23 7 960 123 
24 12 913 146 
6 1 582 990 
30 19 1500 616 
8 16 977 726 
16 10 1002 780 
27 4 1003 775 
6 5 1155 482 
11 10 1862 1013 
13 26 1828 993 
26 19 829 985 
29 2 1491 898 
10 15 1281 438 
24 17 1393 250 
12 15 1054 492 
19 11 1851 717 
21 5 1084 892 
30 9 364 545 
19 19 1837 1082 
12 5 909 686 
20 10 1817 541 
18 9 1352 496 
15 23 1829 390 
4 5 1740 290 
9 2 1435 371 
2 7 321 386 
25 12 1806 846 
17 25 348 760 
4 26 1346 882 
4 27 284 414 
11 11 1984 177 
15 6 614 651 
29 15 1756 805 
21 16 1500 597 
27 22 1164 600 
16 22 1158 242 
17 4 586 960 
22 6 251 1061 
16 13 246 976 
11 12 255 858 
26 5 1342 400 
20 17 1471 301 
1 18 1866 635 
9 7 1575 1066 
10 13 888 694 
11 30 1322 769 
4 7 286 1065 
11 30 385 383 
4 21 1704 628 
29 19 778 280 
28 14 1239 274 
12 9 1923 722 
14 15 475 315 
6 13 1187 737 
11 4 668 190 
3 5 611 551 
17 16 621 388 
26 23 1629 618 
28 26 1733 428 
26 21 1255 500 
27 19 426 686 
23 19 1686 227 
22 30 238 187 
26 10 818 898 
25 14 764 1057 
28 16 363 1051 
3 2 539 937 
22 2 1753 1031 
12 6 1050 950 
16 27 1305 758 
18 19 1395 642 
28 8 304 195 
13 27 1694 403 
4 6 918 411 
8 28 1746 929 
21 8 476 465 
5 3 1061 1068 
21 8 426 198 
19 13 1863 722 
20 30 1015 832 
19 9 1659 767 
14 12 1038 609 
1 29 843 200 
28 26 1358 918 
20 10 1968 318 
10 11 537 496 
15 2 424 431 
23 26 1681 1031 
4 13 1984 112 
17 6 1844 754 
26 17 1059 764 
12 13 983 570 
23 8 1444 1010 
10 22 1944 385 
15 25 1820 824 
13 1 697 874 
5 18 1008 1020 
15 1 1192 771 
17 21 467 673 
3 17 1953 306 
24 17 1016 307 
30 22 1391 552 
9 1 915 732 
1 5 1230 803 
14 7 1128 460 
7 1 1848 524 
13 30 330 241 
17 18 889 120 
26 18 1734 671 
9 24 1224 557 
17 26 1604 234 
22 19 1354 971 
25 16 1987 1044 
16 2 1013 658 
1 20 951 665 
29 21 1903 412 
30 15 837 323 
1 3 888 1052 
28 8 962 372 
18 1 1874 498 
16 11 783 586 
12 10 1378 119 
29 10 380 787 
23 9 1950 918 
23 24 218 207 
