2304
volume peso recompensa duração(s)
3 28 849 527 
28 23 1501 1089 
16 26 1582 797 
23 29 758 345 
21 17 1401 249 
27 22 992 922 
3 2 1327 966 
21 24 1716 650 
14 15 881 127 
29 26 1934 989 
21 22 1486 109 
21 24 499 330 
10 14 422 1057 
27 19 1314 1051 
21 23 1314 837 
9 19 1983 533 
3 18 527 1007 
13 29 1887 164 
12 3 759 971 
27 9 1675 206 
14 29 1859 252 
18 28 1396 383 
21 24 1487 264 
12 18 893 671 
27 19 822 318 
9 27 433 771 
29 25 582 666 
25 9 270 611 
30 18 211 123 
8 2 1413 1061 
17 9 561 993 
18 5 1801 367 
23 16 1025 478 
12 16 558 108 
10 17 1465 357 
18 3 1798 427 
13 6 1110 798 
29 2 373 740 
2 18 203 1091 
22 23 1366 449 
9 15 1365 1010 
22 23 1590 182 
2 11 760 290 
5 2 1634 270 
7 21 1513 664 
14 6 1867 363 
15 10 1153 669 
2 18 1619 215 
2 22 743 1001 
7 13 750 1097 
15 5 308 1034 
28 22 853 967 
4 4 702 332 
9 6 1050 664 
15 1 1566 1028 
18 16 1361 1060 
29 17 279 1045 
29 3 1322 306 
7 7 287 213 
20 30 927 639 
25 24 419 261 
21 7 389 1031 
29 9 1559 130 
16 29 1779 843 
15 13 932 221 
7 1 1305 1097 
29 13 1458 444 
4 9 1526 163 
24 18 1228 470 
16 12 1122 102 
12 22 1164 644 
12 10 305 650 
14 22 304 495 
14 12 1204 215 
16 3 646 102 
3 9 1137 709 
18 24 1348 1085 
5 4 368 665 
17 23 278 498 
24 9 1661 224 
22 17 1580 899 
20 12 302 319 
6 8 1673 312 
8 16 1831 569 
10 20 519 436 
23 14 658 828 
6 19 1774 120 
19 14 512 772 
30 16 1667 548 
19 23 1113 988 
30 15 1357 328 
1 19 759 685 
8 28 1883 1040 
11 13 1110 287 
23 11 1021 926 
24 27 1352 107 
4 5 785 591 
27 26 1166 274 
11 8 1425 809 
26 10 1270 669 
7 2 587 1079 
6 21 1427 177 
23 17 1783 763 
5 29 1102 1051 
3 4 1986 885 
29 29 1319 878 
6 1 1024 937 
2 6 1758 1021 
30 8 1377 649 
20 19 660 745 
5 10 1669 1090 
8 27 850 152 
30 23 1736 278 
21 7 1179 119 
30 2 1471 927 
7 10 946 144 
9 2 1305 642 
20 11 255 694 
21 13 1757 606 
1 17 646 813 
1 21 2000 726 
20 11 1643 968 
12 1 1926 130 
10 4 1780 935 
27 16 1620 345 
27 8 918 567 
12 10 1847 1078 
27 19 1925 1091 
2 8 832 358 
19 9 1511 335 
10 3 912 834 
28 24 464 587 
1 27 1854 517 
4 4 696 805 
6 17 268 489 
5 6 1865 555 
14 21 250 930 
22 10 844 712 
5 1 1174 848 
16 23 1174 680 
20 12 1401 297 
8 23 1127 150 
9 24 458 747 
21 25 1544 770 
8 21 1729 144 
22 26 1172 311 
18 7 224 566 
30 29 1217 1015 
11 6 945 388 
29 30 1756 663 
15 5 1052 797 
21 15 836 100 
5 12 1768 851 
29 22 329 945 
29 25 460 476 
23 3 733 657 
9 8 423 944 
30 3 385 325 
7 17 1949 485 
23 4 633 125 
7 19 1865 204 
10 11 370 310 
5 5 308 1087 
7 2 233 562 
10 26 1433 695 
20 10 1364 390 
18 17 1907 947 
12 16 1337 495 
26 25 550 790 
6 17 1449 285 
13 8 262 798 
9 5 409 260 
22 22 1338 843 
23 24 567 506 
2 6 1821 968 
14 30 310 497 
17 5 777 1088 
21 3 245 392 
2 6 865 384 
2 30 1588 641 
14 29 961 794 
14 24 1372 951 
21 18 440 792 
10 18 1248 249 
22 10 1276 808 
4 15 1735 804 
12 3 704 190 
2 18 1870 446 
16 22 1446 267 
7 20 1036 946 
29 17 1392 971 
26 11 1881 697 
20 9 242 134 
24 11 1100 286 
13 10 1019 124 
27 6 1193 413 
19 17 506 1055 
28 23 591 665 
9 12 637 570 
22 26 426 627 
5 18 350 936 
20 22 1008 660 
1 17 1426 877 
15 4 548 960 
12 19 1064 849 
3 1 789 540 
12 5 403 849 
23 5 1494 366 
22 21 1992 642 
4 15 653 543 
2 26 1386 178 
21 8 862 939 
18 13 1014 113 
13 12 741 1012 
8 23 1162 714 
19 21 613 233 
11 17 436 290 
24 10 1832 385 
27 16 858 726 
15 11 1577 518 
24 27 1466 111 
30 8 1931 1081 
30 23 612 443 
5 30 1680 292 
9 24 1995 419 
25 13 350 702 
20 27 1471 508 
7 25 877 941 
21 28 1287 865 
5 19 1672 555 
11 8 772 118 
30 16 984 820 
1 26 659 665 
8 4 1380 956 
22 7 1187 425 
1 6 941 689 
25 17 1858 656 
5 25 869 393 
25 14 560 182 
29 28 611 749 
23 9 1868 583 
4 29 1993 259 
27 9 726 1100 
14 25 1893 897 
11 8 821 774 
3 30 1314 788 
13 19 1092 804 
16 12 1646 846 
12 15 1357 1062 
6 8 897 649 
17 6 1478 479 
1 27 1773 615 
5 5 281 428 
5 15 833 921 
25 20 663 857 
1 12 451 936 
19 9 1265 318 
8 24 326 156 
29 13 1945 777 
10 29 1746 151 
4 17 1708 889 
23 12 231 593 
1 5 1463 394 
9 29 377 694 
29 19 1894 471 
12 20 853 674 
25 7 348 897 
27 22 1715 854 
8 26 1777 363 
7 7 644 1040 
3 27 476 226 
17 30 881 551 
10 18 639 441 
30 3 1307 864 
1 20 238 519 
11 11 249 124 
6 2 1423 875 
8 9 1921 772 
27 6 786 427 
27 19 1756 598 
29 22 1328 1020 
25 23 540 273 
13 15 1129 910 
25 17 1593 904 
18 11 1655 657 
11 18 383 144 
15 8 1276 858 
19 21 778 145 
5 17 600 218 
9 10 1439 147 
16 5 954 1089 
21 8 559 439 
18 17 798 910 
4 25 1924 138 
3 22 1457 937 
4 27 1752 982 
13 4 1256 372 
5 27 1996 241 
23 9 1400 444 
16 21 576 613 
29 11 1923 500 
5 26 332 473 
9 22 1179 945 
10 9 1749 810 
4 23 1328 669 
19 21 1860 503 
29 9 522 588 
21 10 1182 980 
20 29 1499 330 
16 14 1019 141 
5 4 552 616 
12 1 1691 461 
23 15 1525 1049 
5 4 452 538 
4 13 939 860 
22 15 1729 466 
14 17 659 1062 
30 20 1187 969 
15 4 1879 846 
26 21 1694 223 
5 10 569 876 
5 19 302 395 
1 27 250 289 
3 7 1502 628 
15 22 1114 559 
4 5 838 601 
30 4 606 887 
24 1 1307 759 
3 17 627 233 
27 16 445 857 
4 9 1916 475 
8 19 1672 718 
10 12 1841 241 
8 22 827 508 
26 20 1216 437 
21 27 1306 109 
5 21 1850 802 
28 28 1672 488 
28 12 1846 850 
30 21 905 106 
25 30 294 112 
22 20 991 655 
10 23 1050 781 
19 11 1353 807 
23 26 569 1020 
15 25 1662 768 
29 21 1640 414 
11 11 1910 962 
11 19 1593 770 
8 29 1884 487 
21 20 1390 251 
1 5 991 634 
1 23 613 613 
9 26 216 332 
8 12 692 424 
22 1 1081 304 
19 5 755 143 
25 18 1370 196 
8 19 1973 600 
23 16 660 1085 
30 19 1248 434 
14 10 1713 1008 
13 9 621 351 
10 30 1427 174 
5 7 1702 762 
24 27 220 332 
15 28 1476 541 
14 14 1140 721 
2 5 1892 430 
6 18 1975 880 
26 13 644 163 
5 4 1050 983 
10 24 647 553 
20 19 1489 160 
16 18 1348 276 
23 30 1848 1057 
4 14 1028 383 
1 4 1648 528 
8 25 1054 808 
29 9 847 704 
3 25 1512 380 
13 13 692 913 
30 26 1255 343 
25 20 1409 171 
3 12 276 123 
7 1 623 242 
17 20 1156 709 
29 22 1145 458 
16 1 1273 561 
13 7 634 862 
2 11 1048 141 
30 7 1754 209 
19 27 902 248 
19 17 1465 634 
28 11 828 1098 
24 18 1177 466 
18 8 1342 639 
14 20 459 344 
1 27 708 342 
3 2 845 438 
20 19 1085 919 
27 30 760 283 
2 23 878 880 
2 14 1612 1099 
13 14 818 1052 
4 13 1034 1056 
9 12 1472 963 
5 25 1165 604 
5 15 1223 100 
7 26 1360 383 
11 5 1852 952 
10 27 1199 288 
3 26 1542 874 
1 26 554 1058 
29 9 250 936 
25 20 1234 128 
4 24 1494 102 
12 16 649 746 
12 4 828 1025 
22 26 204 359 
13 14 475 959 
2 13 968 335 
14 25 1113 402 
14 18 1492 915 
4 5 514 648 
12 12 948 385 
7 30 343 941 
25 19 364 702 
25 19 1000 403 
23 25 941 821 
20 25 1610 119 
5 26 1342 332 
23 15 213 212 
18 11 1020 756 
10 25 1805 941 
6 20 338 433 
8 29 1907 171 
24 3 1017 642 
20 25 1407 1044 
21 25 400 502 
1 14 233 659 
24 19 1795 520 
5 18 737 447 
8 16 1683 202 
7 17 1333 643 
12 11 1371 203 
5 16 926 260 
2 16 1069 326 
21 21 1772 343 
9 23 1310 888 
3 21 788 566 
28 15 323 1090 
24 21 542 932 
1 12 648 108 
28 12 230 613 
27 4 827 618 
24 4 1438 177 
18 21 1355 165 
11 5 1212 213 
11 21 1132 638 
11 21 1783 479 
2 18 260 204 
29 20 645 106 
16 4 1028 787 
7 24 637 718 
15 15 377 676 
11 18 267 828 
30 13 1570 395 
3 16 1002 989 
4 11 562 224 
22 28 513 597 
23 21 886 161 
15 16 1124 269 
22 3 1442 901 
13 24 344 131 
28 8 1819 583 
24 17 203 680 
27 25 994 1063 
14 30 466 874 
21 16 877 742 
1 2 225 481 
26 1 1715 1004 
16 7 486 455 
14 25 1956 173 
11 13 446 1018 
29 21 667 790 
12 26 634 684 
12 14 601 575 
7 14 1292 858 
7 2 1351 821 
8 21 1707 492 
15 14 492 743 
26 13 495 938 
3 3 1002 979 
29 16 802 142 
29 19 1356 579 
25 14 1419 175 
16 16 1744 780 
28 24 300 905 
8 2 1834 840 
14 14 1902 752 
16 17 589 297 
3 12 1591 241 
1 4 1963 956 
17 26 834 162 
3 22 582 802 
16 28 1588 696 
29 30 1087 246 
13 28 341 1100 
6 16 587 731 
27 3 205 933 
6 20 1163 563 
15 29 454 628 
21 16 939 254 
13 26 748 293 
25 12 1560 269 
9 2 1226 1016 
17 15 1434 407 
17 6 1294 233 
25 14 1923 964 
13 27 1338 102 
4 10 236 332 
27 17 1811 903 
28 2 998 299 
3 2 445 679 
16 18 745 235 
16 24 1030 311 
30 19 501 922 
15 5 383 928 
7 11 1750 301 
27 20 1819 496 
21 12 1351 463 
5 18 721 549 
28 10 926 899 
25 28 203 638 
17 24 1092 325 
21 24 1320 569 
4 20 1392 358 
9 13 1070 160 
16 21 968 1004 
9 23 429 879 
2 1 963 596 
28 23 413 125 
17 16 670 534 
10 1 552 359 
12 29 1723 637 
11 26 452 445 
16 1 927 1002 
23 3 1527 128 
25 30 350 253 
15 30 1535 135 
8 10 1284 769 
2 7 1346 1083 
5 9 1481 359 
4 27 722 661 
19 26 980 143 
20 10 1954 918 
1 6 702 172 
28 30 1858 727 
1 27 1608 244 
3 17 1901 441 
18 22 1897 907 
10 24 1569 901 
11 13 820 437 
22 25 1953 611 
22 7 792 665 
29 27 1030 1095 
24 11 1982 836 
20 20 1930 999 
3 7 372 675 
22 5 1598 865 
17 22 1740 424 
8 11 1558 645 
18 3 625 205 
30 1 920 999 
3 28 1972 117 
10 11 1975 1037 
17 9 1576 197 
13 30 1504 455 
22 17 348 550 
27 2 1591 149 
5 14 1206 592 
14 5 331 814 
24 11 1936 928 
13 19 616 362 
27 6 1061 511 
27 1 1347 819 
17 26 543 334 
28 20 912 440 
25 10 998 985 
6 6 1882 115 
8 7 1050 220 
25 14 1998 867 
11 11 1215 907 
11 21 719 457 
8 17 989 586 
6 13 1465 748 
22 8 1398 315 
5 29 1167 364 
5 25 825 1060 
30 6 219 807 
16 18 1102 779 
30 2 1739 165 
18 1 1862 523 
6 8 1583 123 
15 21 798 153 
20 17 570 434 
3 10 1455 848 
15 25 1744 284 
13 18 468 699 
12 8 980 980 
30 29 1714 956 
6 5 425 486 
26 23 1633 258 
1 30 905 1064 
9 21 1245 234 
7 28 380 347 
15 7 1670 377 
14 25 335 154 
15 22 1441 487 
27 25 304 738 
17 30 908 737 
30 11 1130 737 
23 28 1622 570 
25 20 1036 917 
18 2 1854 210 
19 5 1321 969 
18 15 1057 854 
9 22 1618 394 
21 16 1413 522 
27 5 1245 930 
24 18 541 697 
29 28 1632 1052 
21 28 1112 203 
24 14 771 781 
28 10 1771 478 
23 6 1485 811 
21 8 1730 559 
4 20 723 974 
7 29 920 493 
18 8 512 115 
27 30 649 771 
13 4 235 556 
13 2 1221 578 
7 14 664 1006 
21 26 1720 791 
7 17 1877 158 
16 11 400 467 
18 8 1352 239 
29 4 1519 384 
7 3 1532 603 
5 13 655 868 
26 17 621 667 
4 12 911 698 
28 7 572 172 
17 1 982 395 
30 24 742 274 
27 19 304 226 
21 13 1849 901 
17 6 752 1022 
23 3 1717 272 
14 5 565 520 
3 25 1003 1045 
25 29 485 606 
23 6 1434 317 
24 5 1905 492 
17 4 1029 349 
10 4 491 982 
29 30 1565 832 
26 14 989 902 
9 7 1667 334 
5 13 460 570 
19 7 644 125 
11 19 313 516 
15 17 1122 515 
12 2 1252 304 
2 3 633 447 
9 20 995 736 
18 16 949 929 
29 5 1446 850 
12 16 1002 210 
5 28 1694 331 
14 15 376 174 
17 4 1411 380 
6 24 728 847 
5 14 1298 727 
30 17 558 934 
21 9 1405 895 
25 23 1446 758 
20 10 1887 1044 
24 4 1450 891 
7 22 590 148 
15 9 1483 507 
22 1 1599 217 
17 17 446 675 
18 21 1330 292 
14 22 809 752 
23 2 1784 642 
5 15 609 129 
6 13 1003 425 
21 23 1715 266 
24 25 409 863 
11 18 1064 116 
9 16 1580 900 
7 24 502 690 
25 19 1375 759 
3 1 974 192 
13 15 1157 588 
7 3 485 381 
19 23 245 1100 
10 10 1382 181 
17 11 578 691 
5 1 243 699 
11 6 761 590 
28 20 782 882 
4 16 1710 662 
10 11 1727 995 
25 3 1075 347 
5 28 252 978 
1 21 1608 1039 
13 12 1616 780 
9 6 1586 665 
26 3 1406 764 
18 21 1558 831 
24 25 338 403 
19 25 659 535 
23 4 1337 184 
24 11 470 489 
23 5 1756 700 
3 18 1212 717 
20 15 220 362 
28 11 1159 596 
27 24 1592 841 
18 20 1136 494 
23 5 1882 866 
15 4 1384 1011 
1 24 882 726 
11 12 1361 762 
27 1 758 171 
3 28 1838 223 
21 11 957 218 
22 27 589 492 
1 4 1172 110 
29 25 735 552 
19 19 310 616 
22 28 1117 152 
21 24 1016 801 
22 14 593 410 
17 3 1015 391 
29 30 1093 189 
25 26 401 423 
13 24 309 928 
4 4 1113 491 
2 25 635 946 
19 22 1185 501 
5 25 724 314 
27 25 1301 1029 
24 18 862 632 
5 4 268 423 
27 13 1824 212 
17 22 1031 277 
16 22 1790 188 
13 12 990 462 
7 10 760 858 
4 18 672 731 
27 26 1769 232 
21 5 356 581 
18 19 1502 442 
10 27 250 1046 
10 19 1642 246 
30 17 1153 598 
26 29 1605 755 
17 12 284 1058 
29 6 1170 399 
11 16 965 733 
4 30 1667 872 
18 11 1386 200 
29 19 726 693 
28 26 630 380 
25 2 1628 625 
13 30 1752 867 
28 13 551 373 
28 12 445 889 
11 3 1186 376 
13 3 327 957 
14 19 647 995 
7 23 1613 146 
24 16 1785 798 
8 9 485 239 
21 14 1058 362 
18 22 1404 594 
24 6 1266 119 
9 18 1184 226 
6 13 632 459 
6 26 1397 373 
4 28 776 566 
29 19 1905 274 
24 2 896 963 
15 30 735 151 
6 24 1343 916 
11 4 1225 1047 
16 12 976 756 
29 23 219 1082 
21 8 573 337 
18 16 588 543 
9 11 489 403 
3 28 1933 984 
21 4 874 686 
7 15 478 261 
26 27 1958 1069 
20 8 1657 548 
15 27 522 914 
5 10 1067 829 
21 10 529 830 
7 27 674 566 
23 18 307 421 
2 26 438 483 
23 10 1471 592 
17 5 1518 623 
2 24 722 1080 
25 13 689 904 
22 7 1217 241 
4 4 1350 488 
13 4 1305 267 
30 21 499 284 
22 20 291 156 
24 7 407 452 
22 2 869 198 
6 16 1709 215 
22 5 1610 766 
9 3 1496 207 
6 28 1218 1075 
18 12 1092 756 
1 12 1475 790 
10 15 1326 928 
8 9 1268 956 
24 1 1481 1052 
27 19 410 395 
13 13 1315 614 
10 28 1678 699 
9 24 341 709 
28 11 672 480 
25 4 1679 1015 
12 16 256 365 
8 8 1837 467 
18 5 1155 751 
9 2 1897 942 
29 29 516 725 
15 10 1329 642 
20 1 1663 779 
5 17 699 204 
24 12 1762 157 
11 8 654 763 
4 11 550 238 
12 26 1197 756 
24 13 999 672 
14 22 1475 326 
22 13 842 537 
21 6 598 1051 
9 30 1597 655 
29 17 260 851 
27 4 410 913 
29 19 1950 761 
1 9 386 644 
22 8 233 619 
12 7 340 859 
12 26 994 412 
25 29 1387 148 
16 24 1341 218 
27 20 1572 626 
8 12 938 465 
12 27 1731 102 
5 12 1832 149 
18 8 1940 905 
3 2 1853 1007 
1 3 1347 932 
26 26 1800 375 
7 22 676 617 
26 22 226 501 
10 11 1732 484 
14 9 250 513 
8 15 1965 381 
17 16 1000 922 
19 22 1683 698 
9 26 1311 264 
18 19 1282 527 
2 19 1802 309 
29 4 406 824 
4 30 1962 252 
7 11 222 577 
18 15 1023 247 
28 8 1565 586 
3 1 1832 418 
11 17 1544 124 
5 27 946 940 
22 2 1290 583 
2 3 1626 291 
5 24 567 674 
30 14 1006 381 
13 1 671 470 
23 13 336 238 
30 12 1049 335 
30 23 412 671 
24 5 965 934 
29 20 1361 705 
13 29 265 1067 
4 7 1444 265 
8 24 572 691 
7 19 1873 492 
30 16 693 834 
8 29 468 1058 
25 5 976 372 
24 10 304 494 
8 28 1659 548 
4 10 1281 940 
3 11 976 673 
29 3 289 581 
19 7 1113 887 
27 8 842 637 
12 5 333 612 
14 17 1185 240 
6 27 1826 313 
6 5 1936 424 
7 28 1218 1035 
22 15 692 935 
21 21 573 1059 
28 14 816 643 
10 28 921 252 
6 8 1497 348 
4 13 918 649 
9 15 479 434 
4 18 1196 573 
24 22 1475 395 
12 30 1681 699 
13 14 834 507 
12 13 1572 1043 
12 4 1312 933 
17 23 1729 817 
7 18 1022 788 
5 6 983 345 
19 14 546 553 
13 18 432 1005 
2 22 350 288 
27 16 1160 785 
12 24 1380 767 
8 23 1142 763 
10 30 979 556 
27 3 279 995 
8 22 1907 1070 
10 21 779 890 
4 1 1640 911 
8 3 1060 707 
19 28 1700 1025 
21 14 1650 444 
5 8 369 393 
2 24 1890 501 
16 7 1695 1017 
19 5 1461 456 
5 9 382 412 
11 19 380 841 
16 30 1173 969 
5 10 515 109 
17 25 1595 713 
19 9 947 805 
15 3 356 580 
29 30 1900 365 
8 14 927 420 
2 20 280 724 
12 17 920 708 
26 20 451 553 
6 10 1725 162 
10 3 1482 438 
27 30 1368 1090 
29 27 1229 653 
10 9 1281 1016 
28 30 762 186 
8 12 974 333 
23 9 963 387 
10 4 374 645 
6 2 423 294 
2 8 1513 839 
4 30 1542 1015 
8 19 292 457 
10 27 899 763 
30 20 498 1071 
28 22 702 685 
25 25 1389 785 
18 6 531 540 
13 27 1589 379 
18 22 1676 319 
2 13 1805 667 
9 3 1745 416 
22 13 1089 921 
4 25 262 279 
11 17 1184 569 
22 29 1903 881 
25 19 1801 163 
10 8 1987 745 
12 4 1393 291 
28 23 1777 1040 
5 4 1028 511 
29 29 694 872 
8 25 872 486 
23 16 1279 167 
26 12 1645 346 
19 12 217 689 
7 13 625 534 
5 3 1672 419 
28 6 1105 799 
4 14 1333 237 
8 3 1079 827 
10 10 432 338 
21 13 563 710 
16 10 548 611 
22 5 1742 712 
29 11 1089 1036 
16 13 850 990 
18 18 1050 992 
13 15 750 607 
16 29 515 542 
3 13 270 604 
15 29 330 772 
3 5 739 804 
7 27 1767 279 
1 25 1990 783 
5 16 1367 124 
22 17 256 652 
16 3 1469 179 
7 17 1022 109 
7 7 1038 764 
3 26 1076 697 
15 6 794 983 
30 25 1198 586 
10 4 1339 971 
21 26 736 866 
28 10 1962 514 
19 12 1006 615 
10 27 274 827 
14 12 426 489 
9 6 418 760 
1 13 1995 196 
8 8 974 239 
3 1 792 707 
11 24 865 125 
27 25 1847 136 
13 11 1398 861 
22 16 526 365 
13 4 1201 678 
16 26 696 858 
25 9 1416 424 
9 14 649 696 
29 11 775 660 
5 2 674 877 
4 17 401 694 
24 13 1501 798 
9 9 1473 1059 
27 17 522 199 
25 28 250 864 
3 3 1871 206 
13 15 1575 323 
8 24 458 953 
10 16 312 234 
20 14 970 331 
14 4 1041 252 
21 6 1132 269 
25 2 1162 173 
26 30 323 958 
6 28 1646 726 
21 28 1373 278 
5 11 635 458 
16 10 1358 319 
14 11 511 929 
16 1 803 445 
24 18 541 260 
9 18 1216 497 
15 29 302 172 
18 2 1066 413 
12 5 289 965 
6 26 750 507 
6 27 1572 347 
20 30 964 617 
9 14 585 388 
23 13 494 1053 
11 9 1395 589 
10 5 1631 942 
1 2 558 404 
27 20 446 705 
17 22 1178 562 
13 23 689 1036 
28 4 350 1063 
16 12 628 763 
20 6 1378 442 
10 19 1348 913 
12 5 1739 1091 
25 23 1668 854 
7 1 608 647 
23 9 1344 344 
12 14 528 511 
26 21 872 850 
18 23 1305 515 
11 1 1870 606 
5 27 515 466 
11 7 1106 949 
8 30 870 119 
9 13 862 1070 
26 14 517 439 
27 24 1648 271 
17 17 813 548 
17 14 980 244 
10 16 212 952 
14 4 822 773 
4 18 807 185 
30 16 913 800 
30 10 1617 1018 
3 11 682 187 
19 17 915 697 
1 2 660 197 
9 13 1423 104 
16 13 1459 468 
30 9 552 650 
24 23 1278 443 
24 8 1950 762 
11 25 1270 965 
3 28 881 373 
29 27 1180 647 
9 10 348 888 
22 16 912 644 
24 4 450 307 
18 21 750 300 
28 26 509 976 
12 19 1450 424 
16 16 1843 293 
12 27 1452 411 
6 7 1909 807 
15 9 1280 810 
5 23 1436 221 
13 3 207 936 
28 15 818 368 
25 22 1764 1005 
29 14 505 610 
10 2 246 997 
8 9 1147 958 
18 7 921 969 
29 22 1905 192 
24 21 1442 779 
27 5 1734 293 
18 27 1322 986 
10 6 1287 508 
29 29 806 780 
8 23 909 930 
29 3 1682 647 
17 26 1962 781 
9 24 373 806 
21 5 1335 918 
1 17 1337 266 
15 10 1262 153 
1 18 1685 1071 
2 23 458 926 
17 7 819 966 
2 8 1355 113 
23 27 1844 164 
1 2 458 441 
10 14 633 738 
15 25 671 239 
4 1 497 434 
15 29 266 452 
5 5 1807 211 
4 30 401 190 
18 6 1989 886 
29 21 376 1010 
26 7 1861 167 
23 14 1248 292 
15 22 533 669 
21 1 1105 633 
27 18 301 759 
9 7 1227 575 
4 25 1964 387 
15 10 1906 424 
16 26 647 663 
10 28 539 886 
19 22 1116 833 
22 20 1486 421 
7 8 334 1008 
14 3 846 293 
20 9 1551 123 
18 22 562 978 
17 17 370 951 
14 2 1262 255 
23 1 697 990 
20 26 301 371 
3 23 1289 435 
18 27 1312 481 
27 29 1297 782 
20 7 740 342 
23 17 1753 141 
10 2 656 910 
2 30 548 987 
17 15 1747 305 
29 24 1578 328 
12 6 1934 269 
26 24 687 1070 
22 7 366 879 
23 4 334 915 
5 17 1255 375 
8 18 739 343 
2 11 1061 1024 
26 23 900 722 
21 21 1223 133 
6 12 1835 471 
18 19 1590 153 
22 7 1394 485 
16 21 1999 1090 
8 5 614 430 
15 13 595 346 
5 29 1726 729 
12 13 1599 491 
24 25 1897 1044 
13 17 1560 952 
16 7 1489 868 
27 7 1196 554 
11 15 1048 480 
19 17 554 344 
8 25 1781 469 
29 4 1746 143 
20 11 433 251 
19 21 946 934 
27 2 1213 587 
8 17 828 785 
23 13 1957 1022 
29 13 1380 443 
29 28 1546 335 
24 13 517 253 
15 20 810 667 
10 17 1424 789 
18 8 528 232 
16 7 748 1020 
11 29 855 911 
3 8 765 755 
27 6 499 786 
18 22 299 572 
11 23 1294 684 
9 17 481 239 
16 28 1248 733 
26 9 1559 403 
29 21 1505 542 
28 27 333 300 
24 13 526 1023 
27 30 1077 591 
22 23 1871 943 
9 19 1333 556 
17 7 871 669 
15 27 481 622 
17 30 1280 599 
26 30 1618 629 
12 12 1167 514 
3 19 1318 492 
3 9 852 1084 
27 1 1975 363 
7 7 1986 122 
3 10 644 678 
9 23 1821 877 
22 14 1683 237 
18 20 1749 292 
30 1 1004 883 
9 27 1242 315 
27 24 916 818 
22 10 235 687 
19 17 1994 947 
10 11 931 983 
25 12 258 998 
1 29 1863 980 
21 20 361 1086 
16 28 1544 842 
21 28 1455 844 
8 21 958 244 
8 16 962 588 
26 20 1448 1063 
1 27 257 849 
25 8 751 990 
27 15 401 429 
12 24 493 210 
22 30 567 363 
12 18 716 212 
3 14 1186 106 
26 20 339 415 
16 24 2000 943 
1 2 728 785 
16 6 1171 560 
21 2 1539 746 
23 2 939 1032 
11 24 1134 670 
29 17 1439 897 
6 4 797 215 
27 22 1171 226 
15 14 1954 1021 
11 2 1740 909 
25 7 814 831 
9 20 1461 986 
13 10 1011 254 
27 26 1133 515 
29 30 1185 335 
21 12 850 968 
25 6 1833 715 
29 14 619 833 
21 2 1391 115 
21 5 1600 782 
6 2 823 112 
19 25 515 969 
25 16 1638 1019 
19 23 1034 866 
21 15 1089 563 
29 29 611 791 
22 26 473 1095 
22 9 471 618 
11 28 1011 353 
22 22 1308 1077 
29 25 1370 294 
17 18 1278 330 
25 16 556 927 
7 5 1748 996 
30 25 1092 406 
3 23 409 173 
12 15 870 614 
7 3 664 849 
19 17 1131 749 
27 6 1629 943 
22 27 1767 936 
1 13 1752 703 
7 3 1901 618 
25 15 1090 193 
30 1 793 1019 
25 4 526 735 
13 16 1900 241 
21 26 1587 303 
22 17 1386 819 
29 24 1206 937 
26 18 1049 507 
25 10 1539 670 
10 3 1637 543 
29 6 1316 378 
21 17 959 827 
12 9 422 810 
25 14 1806 512 
7 30 1987 750 
18 15 1667 255 
25 23 1158 414 
25 23 1266 178 
28 29 748 992 
15 21 486 961 
29 12 1812 781 
25 30 1400 875 
30 17 869 1041 
2 7 1286 183 
29 22 1026 1013 
14 4 1212 258 
3 2 1057 116 
15 12 217 469 
24 10 219 351 
10 26 446 814 
5 4 290 738 
10 12 1317 590 
3 27 1287 460 
23 14 1472 193 
15 9 720 724 
20 6 1731 380 
15 23 915 808 
10 17 1429 290 
20 8 1831 180 
19 25 1679 632 
14 27 327 560 
2 8 1911 349 
16 30 1805 834 
5 2 547 1013 
16 8 962 407 
24 27 1321 662 
4 20 1120 561 
6 1 340 160 
19 17 591 483 
24 21 1372 894 
13 19 1011 314 
13 20 922 281 
27 1 1471 741 
19 24 435 906 
5 26 1541 114 
18 17 910 554 
25 28 1761 369 
19 9 1292 334 
19 6 1658 344 
26 13 229 1078 
5 27 1946 421 
12 4 1140 831 
21 26 1293 1036 
4 30 750 1037 
27 25 1480 395 
25 8 599 667 
13 30 1784 156 
4 18 1566 114 
14 1 320 743 
26 19 726 1072 
6 12 329 127 
11 22 1502 1048 
16 26 1253 215 
25 13 1468 843 
4 12 1847 471 
29 4 527 264 
26 19 938 200 
7 24 1062 1038 
5 14 902 931 
28 25 1516 797 
12 20 850 774 
24 21 1995 400 
24 26 1692 341 
22 22 1765 774 
10 8 1684 339 
1 20 1172 693 
25 9 1770 792 
25 18 1890 1098 
30 3 904 633 
15 24 1492 545 
11 28 1742 279 
20 7 1190 718 
14 10 1263 1007 
29 3 1034 992 
4 6 247 173 
16 3 616 346 
27 22 1303 730 
15 2 970 1060 
30 30 226 369 
28 29 1870 775 
30 30 1873 786 
2 11 1812 261 
17 11 957 1059 
5 20 627 238 
4 20 1216 114 
22 4 1010 1024 
25 16 568 692 
14 1 545 416 
30 12 863 601 
22 29 1372 482 
1 22 1319 185 
12 6 211 180 
26 13 1993 1054 
16 21 1517 603 
6 13 1965 977 
5 18 1385 281 
29 3 1389 998 
23 25 1509 135 
9 27 797 1065 
2 1 1545 312 
13 3 1392 957 
23 1 563 389 
13 7 1687 879 
25 30 1502 885 
24 3 439 948 
27 17 312 536 
5 27 1817 1057 
19 3 606 161 
6 5 1946 101 
6 5 1160 107 
12 16 1372 1098 
15 24 324 370 
26 17 1830 992 
25 24 703 1009 
12 27 1181 900 
21 20 1074 757 
17 7 1296 366 
3 1 740 716 
16 12 987 914 
5 15 1005 741 
1 14 713 906 
29 25 1628 133 
13 18 1082 761 
30 26 1019 912 
2 4 1086 836 
4 21 1744 333 
2 26 1640 455 
10 30 1888 459 
14 5 1929 843 
21 10 895 594 
20 16 1401 309 
3 25 1363 773 
29 24 550 994 
14 15 1662 479 
10 21 1343 946 
20 18 806 328 
22 9 493 572 
10 4 1493 944 
20 11 1846 348 
28 26 882 279 
11 1 1638 620 
7 15 485 676 
27 21 1637 681 
8 10 783 237 
18 23 955 172 
27 7 491 575 
17 10 1077 526 
6 30 1052 594 
22 12 1482 234 
26 17 1551 873 
7 2 1885 215 
11 9 1761 373 
2 12 636 781 
18 10 1925 752 
19 17 1703 965 
17 2 432 666 
13 3 1217 860 
20 25 773 520 
26 21 349 922 
29 19 1007 609 
30 18 1563 397 
27 15 1102 245 
2 28 928 295 
29 2 1886 383 
5 20 1051 1028 
14 2 580 1037 
22 26 478 816 
15 17 1288 942 
5 22 261 306 
29 3 1418 603 
30 17 897 137 
18 1 1270 1092 
21 10 1686 413 
11 24 711 706 
19 12 836 1061 
29 1 1843 153 
14 29 987 722 
1 3 823 457 
11 3 1628 322 
4 18 997 822 
27 24 1011 325 
17 24 393 408 
27 20 1994 842 
20 14 739 282 
12 6 1660 353 
8 10 1244 949 
12 20 1035 652 
7 24 1371 417 
18 11 829 676 
4 17 1694 575 
28 15 217 466 
28 19 1490 237 
24 19 1610 352 
20 14 1448 342 
3 23 627 1036 
16 8 1034 733 
10 27 915 660 
13 21 1316 243 
5 4 437 851 
23 23 496 880 
4 14 1530 380 
27 24 766 594 
16 24 731 1001 
23 16 1227 451 
12 16 208 194 
29 1 1348 152 
5 28 1424 1011 
12 6 1998 975 
20 26 1392 867 
20 7 1822 470 
30 11 298 688 
26 8 594 398 
15 20 1957 382 
13 15 1295 612 
4 18 217 943 
24 30 1158 1037 
26 5 1472 1072 
11 2 769 855 
5 15 1208 266 
22 1 1742 201 
12 10 1910 926 
24 10 1466 626 
27 6 862 925 
6 9 1119 397 
13 12 244 820 
5 1 1804 1013 
15 3 1861 186 
3 5 1895 849 
14 6 1830 270 
7 9 1153 458 
7 13 1785 854 
21 6 538 731 
9 2 348 147 
24 26 1339 1080 
20 6 1502 289 
2 15 1604 986 
20 27 1617 427 
27 24 1959 717 
7 11 868 207 
8 1 1628 222 
24 15 1942 668 
2 5 811 416 
3 29 1611 752 
14 2 658 312 
20 17 265 693 
11 25 1831 400 
5 9 797 908 
9 24 1630 121 
8 19 1364 700 
16 13 1705 397 
11 27 1625 925 
29 8 1591 131 
24 1 1437 733 
25 7 1389 588 
15 15 1334 796 
8 30 1988 342 
10 20 1361 172 
2 1 1603 190 
27 23 494 352 
22 16 908 264 
16 22 1630 1023 
20 20 213 156 
26 2 201 558 
23 19 913 185 
1 3 991 908 
3 28 1428 786 
12 26 1378 341 
11 4 1688 295 
17 4 1781 183 
23 20 499 625 
13 12 1578 476 
23 8 1058 138 
10 8 1773 141 
6 14 433 303 
1 23 474 942 
18 29 1220 639 
2 11 1183 537 
22 4 1775 918 
8 1 477 326 
8 5 1380 779 
13 29 1121 351 
4 20 904 340 
4 15 1149 931 
5 27 1747 663 
29 12 1181 957 
7 9 1180 1026 
10 22 1744 462 
27 10 1498 1036 
9 13 689 619 
2 13 983 942 
20 14 559 529 
10 28 1343 235 
1 27 776 713 
27 5 853 410 
26 9 942 604 
11 16 940 562 
28 23 1438 995 
28 21 720 1046 
4 7 318 544 
26 7 1264 790 
3 25 941 483 
21 28 1991 319 
29 3 1710 258 
18 28 656 866 
12 10 266 293 
1 17 1181 614 
15 11 396 561 
17 28 545 789 
15 20 1022 202 
18 29 864 136 
2 19 1860 520 
8 4 551 925 
5 16 891 756 
24 28 404 973 
8 15 1195 861 
13 5 1500 631 
17 30 1279 851 
28 28 1984 1035 
16 18 1409 517 
13 19 1723 138 
27 14 440 485 
12 20 1664 778 
4 20 547 897 
17 16 1224 251 
7 11 273 932 
8 30 1802 916 
17 18 1648 703 
7 23 1909 526 
29 12 206 461 
1 25 820 814 
7 9 1701 905 
16 22 1230 1012 
2 14 1779 405 
13 13 1653 834 
1 5 736 150 
19 17 322 489 
21 28 1617 824 
15 30 573 876 
30 5 468 560 
18 21 888 275 
26 17 1052 938 
30 9 767 492 
5 30 1748 398 
8 4 1886 507 
1 11 1405 490 
2 19 1474 493 
15 1 978 993 
13 6 428 363 
23 28 1413 892 
6 10 502 410 
1 8 1476 392 
3 10 984 1058 
12 8 1328 962 
19 6 1160 916 
29 27 348 540 
25 22 1037 912 
12 1 1274 782 
3 10 771 293 
9 19 1828 645 
28 1 1074 561 
30 14 285 414 
12 26 464 624 
22 1 607 567 
14 14 1618 559 
7 15 1565 568 
16 6 921 459 
24 28 921 181 
20 1 1208 346 
6 11 807 311 
6 19 1761 986 
19 22 1533 1075 
27 28 467 839 
5 22 779 871 
19 20 1423 993 
17 1 1223 966 
23 28 1122 698 
8 22 614 681 
2 9 809 823 
30 6 1841 610 
3 24 812 274 
7 29 664 345 
10 24 1604 577 
24 21 1574 861 
18 9 1648 556 
22 5 1603 420 
13 23 529 264 
20 10 222 1086 
25 18 2000 198 
8 1 1735 633 
24 14 1144 291 
4 28 291 457 
28 24 760 243 
20 22 1622 498 
7 9 303 987 
10 19 1858 1049 
28 23 427 160 
23 14 1316 1009 
19 19 865 1083 
8 5 1508 762 
28 6 917 146 
19 27 1882 593 
5 9 1146 261 
27 22 431 1025 
14 29 1534 111 
4 6 1403 418 
16 2 472 445 
6 4 1556 740 
9 13 1554 340 
10 14 559 405 
22 26 806 1001 
9 6 216 960 
27 9 1765 969 
6 27 1188 186 
28 12 808 879 
15 26 1317 846 
1 5 777 571 
18 9 1379 372 
26 3 609 819 
8 20 1467 550 
21 30 1914 814 
26 23 840 738 
27 29 1103 738 
17 3 301 158 
8 13 526 554 
13 8 273 544 
10 12 560 676 
1 5 773 325 
26 14 552 429 
7 9 238 773 
30 13 1228 188 
15 14 1395 537 
26 11 870 465 
10 18 1305 147 
21 16 1243 1036 
12 25 774 832 
9 12 1158 393 
12 2 1390 359 
14 27 232 319 
11 11 1238 655 
13 12 869 1079 
21 18 847 304 
25 2 1894 653 
18 26 970 839 
29 24 1320 171 
17 24 1820 1095 
21 15 377 793 
25 1 1786 890 
4 9 1895 586 
19 3 1662 528 
26 10 494 977 
28 23 1374 842 
16 24 877 225 
18 17 1057 467 
1 13 426 542 
5 11 1214 624 
20 15 1421 683 
17 10 456 162 
12 30 1446 970 
22 17 1562 420 
10 16 672 777 
2 17 1868 319 
30 17 336 103 
20 12 725 576 
26 18 1025 304 
20 19 1346 696 
19 16 1220 559 
2 4 1874 203 
19 24 524 998 
11 2 464 307 
18 1 1456 337 
4 22 713 563 
2 6 1469 443 
25 25 1387 212 
10 13 1455 450 
8 7 890 910 
22 12 1059 602 
13 13 1793 294 
5 14 1762 273 
27 28 1165 864 
25 15 1013 447 
9 6 441 235 
18 21 758 167 
19 19 1032 504 
1 5 1727 157 
9 12 1175 319 
25 18 1958 433 
15 10 1920 434 
24 5 1008 428 
10 26 747 556 
8 2 826 482 
20 4 1821 297 
30 15 507 320 
26 13 1244 703 
30 3 789 327 
12 28 1999 1052 
24 18 1774 653 
13 16 1599 486 
17 5 257 127 
30 27 690 843 
3 18 1735 725 
1 20 1474 486 
22 20 1800 954 
9 26 1209 599 
13 4 1937 1043 
11 26 1081 757 
22 7 403 832 
25 11 748 758 
21 18 281 685 
29 12 474 623 
1 1 770 1035 
18 12 1750 728 
7 22 755 1020 
9 15 213 135 
13 7 361 196 
10 1 1255 557 
10 6 513 758 
9 15 984 385 
8 2 308 977 
13 4 693 621 
25 25 1433 993 
1 17 1222 210 
23 15 280 135 
7 9 988 545 
6 26 1156 399 
3 25 1282 143 
26 6 832 886 
9 26 523 524 
12 6 972 715 
22 23 1682 731 
29 30 925 495 
30 7 371 816 
24 10 541 238 
4 29 1067 993 
4 29 1062 407 
24 7 340 957 
5 28 1621 494 
20 19 367 230 
10 16 1368 1018 
14 11 1076 852 
20 12 202 1082 
10 13 242 195 
3 4 1399 320 
2 24 285 887 
21 17 741 161 
5 1 1390 870 
16 19 1444 676 
21 16 1707 868 
27 14 511 141 
26 1 1977 465 
26 5 426 641 
28 2 281 472 
10 2 408 261 
3 25 636 470 
13 8 1290 591 
23 20 830 523 
3 15 387 403 
7 25 1979 734 
21 18 1604 1052 
11 30 978 1052 
24 11 1234 584 
5 27 720 269 
26 11 740 526 
30 23 1360 497 
7 27 206 174 
22 7 1853 602 
25 29 798 465 
20 12 860 943 
14 3 900 222 
22 11 1442 372 
21 14 411 676 
7 16 952 415 
13 3 890 633 
10 3 1237 284 
23 13 1196 292 
24 22 1937 178 
25 1 612 699 
11 27 1713 142 
11 20 1058 316 
6 11 272 456 
13 9 792 927 
3 25 1803 927 
7 23 1801 1058 
14 30 407 652 
22 8 1204 576 
27 23 1590 865 
12 7 919 186 
9 27 426 923 
27 6 1697 380 
1 28 1666 666 
20 22 1001 886 
13 12 916 522 
12 15 1750 524 
7 22 360 651 
21 20 1227 211 
8 21 557 1043 
26 9 1723 284 
28 10 1237 1013 
23 7 363 560 
19 11 1110 867 
18 29 989 345 
12 4 471 1061 
15 7 1509 156 
27 4 624 853 
4 19 1822 691 
20 26 748 312 
2 4 1722 1034 
14 9 765 382 
29 1 1521 532 
4 4 954 435 
10 4 1723 509 
8 11 689 609 
22 21 1009 161 
8 12 1694 369 
15 23 1892 902 
23 15 272 527 
16 29 642 682 
3 19 794 932 
15 30 1813 116 
2 5 1386 1003 
17 19 398 291 
1 2 1729 512 
16 14 1759 687 
21 18 503 981 
8 28 478 154 
17 14 579 149 
13 21 1266 700 
25 21 485 344 
2 16 897 924 
9 19 360 200 
25 27 711 746 
14 6 1824 275 
4 5 1015 1008 
19 12 1444 987 
2 1 1828 1086 
13 28 995 997 
5 15 1947 781 
3 29 530 738 
25 30 1963 701 
28 22 310 1055 
27 26 1259 405 
7 21 910 677 
13 6 1467 691 
3 14 1657 742 
28 29 1906 945 
27 19 1847 808 
10 30 936 672 
21 2 426 922 
27 16 1767 905 
6 14 1617 355 
19 20 1112 283 
3 27 672 430 
17 23 855 1017 
3 3 912 443 
2 30 639 237 
1 23 939 418 
1 8 316 1036 
13 9 1078 950 
28 4 1423 732 
30 7 619 224 
21 28 1840 256 
1 1 529 144 
30 21 1543 164 
5 23 721 687 
30 8 1664 489 
16 10 1592 697 
13 30 509 673 
6 2 1374 824 
29 24 1619 358 
16 29 1288 479 
11 22 412 653 
14 29 1811 1020 
28 14 1358 960 
15 25 489 296 
24 27 1447 946 
28 3 1268 441 
26 12 668 776 
3 23 1245 314 
6 6 1513 181 
26 2 949 654 
7 8 1126 185 
2 7 1100 984 
3 10 1034 1051 
12 10 495 580 
21 17 1954 956 
1 9 722 350 
6 9 1954 339 
2 9 1764 624 
8 14 447 498 
12 9 428 632 
10 11 1213 697 
12 5 959 744 
14 25 1323 627 
25 28 1445 768 
6 27 503 462 
28 16 680 772 
21 29 654 293 
29 30 860 255 
10 25 1597 978 
22 8 1136 504 
2 15 1993 122 
12 20 773 238 
16 10 577 256 
18 7 1461 825 
5 21 576 504 
21 30 793 539 
25 30 1463 380 
7 19 1429 821 
3 5 287 692 
24 6 298 759 
8 14 1781 639 
20 29 265 1046 
20 25 470 340 
25 29 1781 606 
28 5 563 598 
15 29 971 696 
3 7 550 336 
12 20 724 424 
3 17 1621 313 
8 29 1134 444 
15 3 1678 754 
1 20 206 183 
17 6 612 165 
4 5 1671 809 
11 15 603 773 
4 28 900 464 
6 21 1348 140 
11 3 965 225 
28 28 1619 899 
18 7 766 872 
4 10 1839 680 
6 5 888 641 
20 14 310 664 
3 30 953 859 
20 8 1977 989 
2 13 1151 416 
11 27 1443 384 
25 12 1237 377 
22 2 1577 341 
7 3 1892 669 
8 10 1400 688 
9 28 907 900 
5 21 1221 430 
26 13 580 483 
10 29 1836 606 
11 23 556 219 
24 21 308 1006 
15 8 1732 1091 
17 25 1010 968 
22 2 832 546 
14 18 1979 401 
1 5 776 862 
4 14 1260 633 
28 21 646 688 
11 10 1120 1095 
10 28 1112 605 
22 2 1118 553 
25 27 347 249 
6 1 1681 693 
6 28 1751 661 
4 4 365 178 
24 4 748 983 
5 3 1273 913 
30 22 225 1013 
15 22 786 604 
10 24 1338 367 
24 22 1216 1036 
20 19 1696 1036 
14 18 1389 439 
21 13 1540 402 
15 7 1499 587 
20 10 1517 386 
1 4 466 404 
27 18 948 588 
1 7 926 406 
17 8 1191 724 
25 11 1942 154 
23 23 662 395 
22 3 1272 174 
13 29 1611 576 
24 24 669 213 
3 1 982 381 
29 11 1280 671 
10 11 1847 454 
21 6 1174 950 
28 6 450 485 
8 6 1869 687 
4 12 391 600 
27 23 1822 735 
15 25 483 220 
6 17 796 563 
19 4 604 345 
9 14 1012 244 
11 29 350 153 
4 6 985 510 
9 8 988 641 
22 26 1103 292 
13 20 663 1048 
29 7 1588 545 
10 27 755 482 
10 22 857 752 
21 29 624 809 
4 14 1465 786 
14 2 725 764 
19 4 1621 291 
24 28 1485 708 
26 26 1833 921 
22 25 338 849 
17 5 513 173 
3 27 1355 451 
3 20 573 977 
13 18 631 414 
22 22 1758 781 
20 4 726 597 
21 5 1812 900 
22 9 910 543 
13 23 843 345 
11 3 800 362 
15 15 517 369 
3 2 1108 183 
15 22 1561 190 
17 27 1838 165 
1 6 627 406 
14 19 1578 606 
11 2 515 655 
5 9 243 1002 
23 22 1819 805 
15 27 379 640 
18 9 541 815 
5 27 1076 616 
2 25 1404 409 
13 16 1255 1039 
17 28 1265 257 
6 30 1551 821 
21 30 290 520 
26 17 448 375 
17 28 805 679 
16 23 1914 412 
17 13 1697 399 
28 4 893 873 
23 26 1945 844 
26 20 938 926 
11 17 1329 441 
3 8 265 178 
5 1 951 776 
15 5 1405 1027 
17 28 1226 465 
23 27 740 977 
22 1 668 544 
20 16 1685 274 
2 29 1285 386 
6 28 647 450 
20 2 1302 349 
6 10 1646 820 
29 9 1481 286 
27 24 1186 749 
25 26 1354 1036 
3 5 881 739 
3 16 631 222 
6 21 673 732 
22 13 1321 462 
22 16 1739 751 
16 14 1026 704 
8 15 448 989 
2 10 1653 657 
6 26 1560 138 
4 13 536 866 
26 29 501 1030 
11 15 977 879 
1 30 693 485 
5 30 1743 860 
6 3 1878 987 
12 18 1463 157 
13 2 263 134 
7 14 1265 100 
12 19 457 566 
25 7 669 432 
28 3 1090 1068 
2 14 1680 965 
16 25 888 397 
12 9 1860 112 
11 4 666 834 
9 9 1035 832 
19 11 1079 141 
10 23 1413 482 
25 24 1173 914 
29 21 755 677 
15 16 1585 539 
24 12 1601 1005 
15 10 1847 931 
19 5 711 391 
8 20 931 922 
4 26 1990 865 
19 30 1998 596 
20 18 952 1012 
3 1 811 545 
12 21 1513 711 
1 9 1994 1028 
6 7 721 1016 
18 5 1865 894 
30 11 1911 745 
10 12 1175 362 
29 4 216 385 
4 12 1336 193 
25 15 615 1007 
16 6 880 668 
4 5 1549 222 
9 29 1472 480 
1 15 1781 893 
26 6 209 691 
1 23 1561 708 
26 2 743 768 
8 27 496 684 
24 18 1151 1011 
15 29 1113 612 
19 13 968 253 
20 18 492 1033 
15 6 355 632 
28 22 947 601 
15 27 360 1003 
24 27 1189 728 
6 20 247 779 
10 7 728 1057 
11 5 897 945 
14 23 1846 944 
28 29 1347 833 
12 22 422 708 
18 23 1830 152 
11 25 1599 154 
6 1 233 837 
7 24 1453 313 
20 7 1139 939 
21 15 1198 770 
5 3 1869 148 
24 15 571 479 
30 30 1542 421 
17 9 1600 345 
9 22 1206 743 
15 26 1091 1042 
24 16 1903 501 
30 19 260 127 
22 28 239 333 
13 23 1521 457 
22 16 1748 919 
16 15 1431 1037 
6 12 1466 886 
30 8 914 1056 
23 13 1199 960 
1 14 810 110 
11 28 788 321 
20 22 1442 141 
29 23 1126 915 
29 8 1250 783 
19 1 1717 931 
9 15 1013 665 
19 15 343 983 
